eventNumber true_vertex_X true_vertex_Y true_vertex_Z true_t0 true_dir_X true_dir_Y true_dir_Z true_energy true_track_length
0 -146.755 -101.777 7.44829 0 0.236121 -0.740699 -0.628977 5.511 0.0205771
1 -44.0012 46.3902 33.1747 0 0.270398 0.639338 -0.719814 5.511 0.0253716
2 -84.587 -54.2521 113.565 0 -0.0832634 -0.893267 -0.441749 5.511 0.0208571
3 -72.4534 -103.348 121.383 0 -0.539536 0.833213 0.121065 5.511 0.0184458
4 8.09594 150.353 120.721 0 -0.855158 0.258802 -0.449138 5.511 0.0217976
5 -1.20285 137.008 -26.9181 0 0.120551 0.616469 0.778096 5.511 0.149577
6 -89.0121 163.239 -94.114 0 0.142527 -0.80381 0.57756 5.511 0.0161406
7 57.8753 13.2779 -51.2416 0 -0.0783263 0.978079 0.19294 5.511 0.0196957
8 -4.93391 -27.0875 4.03309 0 0.381199 0.908261 0.172481 5.511 0.0153067
9 -28.2722 -158.732 -140.403 0 0.110213 -0.606803 0.787174 5.511 0.0217868
10 -85.2881 193.153 39.5212 0 0.357642 0.819459 0.447861 5.511 0.0210431
11 66.0744 -124.897 -39.158 0 -0.805739 -0.079032 -0.586975 5.511 0.0214306
12 -62.3811 -91.0091 -80.2412 0 -0.665027 -0.303934 0.682175 5.511 0.00154191
13 -15.7365 -18.2433 -10.213 0 0.8658 0.463449 -0.188694 5.511 0.0141933
14 46.2306 137.845 -58.464 0 0.307006 -0.919366 0.245996 5.511 0.0179577
15 -97.2456 100.858 7.55085 0 0.0021592 -0.98202 0.188765 5.511 0.0215769
16 -38.8223 -58.0232 133.504 0 0.86552 -0.417824 0.276223 5.511 0.0210484
17 -4.11145 29.0193 38.4666 0 0.105778 -0.367982 -0.923797 5.511 0.0126898
18 79.4937 -70.7331 -3.90501 0 -0.595313 -0.802725 -0.035156 5.511 0.0194043
19 74.8217 134.865 5.67473 0 0.392154 0.919555 0.0251738 5.511 0.0139126
20 24.5765 -19.0177 65.5751 0 0.827567 0.320135 -0.461136 5.511 0.019485
21 13.8288 -98.9498 -130.475 0 -0.101627 -0.877103 -0.469428 5.511 0.0187439
22 -32.6905 -44.1369 -106.427 0 -0.756186 -0.419451 -0.502239 5.511 0.0195693
23 -46.6019 -11.6665 33.2598 0 -0.242122 0.356319 0.902449 5.511 0.0212995
24 29.9087 122.417 34.6157 0 0.192505 -0.0471386 0.980163 5.511 0.0186845
25 15.8229 -180.325 -31.5885 0 0.942168 0.334843 -0.0141582 5.511 0.0217575
26 -46.6604 44.8742 -64.9528 0 -0.830503 0.281457 0.480673 5.511 0.0224756
27 -61.585 -34.229 88.5271 0 -0.996511 -0.047124 -0.0688851 5.511 0.0237653
28 -31.4585 -12.5061 3.5452 0 -0.260922 -0.766534 0.58681 5.511 0.0206519
29 57.9306 148.712 -137.126 0 0.338319 -0.381182 -0.860372 5.511 0.0212691
30 -85.7102 -147.87 -58.7709 0 -0.847997 -0.00804901 0.52994 5.511 0.0217118
31 -19.9202 -137.169 85.0694 0 0.0978622 0.482574 0.870371 5.511 0.0212558
32 -57.8425 -95.9861 93.621 0 -0.767179 0.587842 -0.256667 5.511 0.0249979
33 -59.7074 -26.8542 33.3699 0 -0.247075 0.742759 -0.622305 5.511 0.0184349
34 -30.386 -37.4951 8.22561 0 0.468539 -0.835735 -0.28639 5.511 0.0162502
35 -1.84904 -32.288 -90.678 0 -0.462518 -0.665742 -0.585547 5.511 0.0222212
36 -49.1418 -159.771 131.888 0 0.349331 -0.317852 0.881441 5.511 0.015436
37 -147.64 59.8702 -25.542 0 -0.610041 -0.696832 0.377194 5.511 0.0189936
38 142.665 -151.567 35.3907 0 0.337099 0.226922 0.913713 5.511 0.0148327
39 -20.6266 3.28979 -146.256 0 0.713005 -0.677953 -0.178897 5.511 0.0234539
40 -114.322 -21.9916 -1.13572 0 0.412338 -0.537236 -0.735768 5.511 0.0139964
41 -19.432 -48.7595 111.577 0 0.521521 0.458451 -0.71961 5.511 0.0175258
42 -22.5623 41.2871 32.3597 0 0.903936 -0.417892 -0.0909201 5.511 0.0187629
43 34.601 68.2132 -90.1996 0 0.62393 -0.475531 -0.620147 5.511 0.0128331
44 -81.0952 -137.12 -113.952 0 0.596578 0.269833 0.755834 5.511 0.0226984
45 10.4454 106.196 -96.3332 0 -0.831095 0.271812 -0.48518 5.511 0.0167973
46 120.203 -7.31511 -57.7026 0 -0.881236 -0.472259 0.0198636 5.511 0.0210654
47 -28.9325 -14.2686 7.68665 0 -0.54108 0.334522 0.771575 5.511 0.0214441
48 65.2331 71.338 56.8151 0 -0.809024 0.579984 0.0953896 5.511 0.0211727
49 99.1771 -49.7655 53.7404 0 -0.753788 0.579457 -0.309892 5.511 0.0228375
50 44.8343 -163.877 -67.8391 0 -0.918816 -0.384829 0.0876546 5.511 0.0208353
51 -50.6835 139.511 -28.9949 0 -0.619292 0.784949 0.0182209 5.511 0.0197813
52 1.51278 141.025 141.835 0 -0.180645 -0.92441 0.335907 5.511 0.0207831
53 92.9917 -137.445 4.32166 0 0.742671 0.664662 0.0816389 5.511 0.021469
54 105.649 82.4408 17.4258 0 -0.809217 -0.174293 0.561061 5.511 0.0199115
55 -20.7593 -33.3425 -73.8266 0 -0.258776 -0.701276 -0.664265 5.511 0.0203387
56 -0.510854 143.334 103.372 0 -0.0179003 0.864526 -0.502269 5.511 0.0188212
57 91.0157 -14.3787 -30.6274 0 0.538534 0.718546 0.440083 5.511 0.0163109
58 -83.7673 1.52822 -123.494 0 0.534789 0.750095 0.389047 5.511 0.0182263
59 10.4423 182.596 50.6618 0 -0.538933 0.804921 0.248301 5.511 0.0194843
60 113.536 132.765 60.8973 0 0.643993 0.709836 0.285316 5.511 0.02164
61 -38.3707 189.5 -143.755 0 0.24481 -0.878584 -0.410071 5.511 0.0243762
62 94.5141 69.7411 -68.0922 0 -0.355018 0.84757 0.394446 5.511 0.0186901
63 -145.007 56.8675 -37.9485 0 -0.397515 -0.274116 0.875695 5.511 0.0238946
64 -37.6611 177.069 -125.202 0 -0.250366 -0.0734987 -0.965357 5.511 0.0240749
65 113.704 66.3627 78.4538 0 -0.0852872 -0.98325 0.161075 5.511 0.0185639
66 -38.4828 -182.002 115.972 0 -0.763546 0.225317 -0.605169 5.511 0.0229906
67 -104.938 -76.8623 -36.1094 0 -0.16894 0.344343 -0.923519 5.511 0.0196527
68 24.298 -178.964 -61.2319 0 0.701572 -0.269619 -0.659622 5.511 0.0215891
69 -6.13076 -84.4587 136.965 0 0.0482956 0.858872 0.509908 5.511 0.0209665
70 33.5944 68.065 63.7598 0 0.476469 0.853507 0.210957 5.511 0.0184056
71 -117.298 -76.901 78.6353 0 -0.139905 0.873468 -0.466347 5.511 0.0179084
72 -132.91 -178.569 -21.2122 0 0.869851 0.287945 -0.400559 5.511 0.0203366
73 -17.5988 -163.339 93.868 0 0.526963 -0.825027 0.204059 5.511 0.0161062
74 57.4343 -109.311 -46.6387 0 0.664766 -0.037857 0.746092 5.511 0.0171024
75 -121.445 30.5995 -78.5509 0 -0.651456 -0.0726198 -0.755203 5.511 0.0217385
76 124.506 129.592 -41.9239 0 0.588418 0.566928 0.576505 5.511 0.0254164
77 -17.6677 174.536 -42.4093 0 -0.31613 0.939675 -0.130664 5.511 0.0119514
78 -8.17968 -101.197 -90.1629 0 0.188977 0.952241 0.239843 5.511 0.0223201
79 -59.0617 -112.254 63.6602 0 0.22113 -0.377779 -0.899102 5.511 0.0201447
80 -3.36717 -191.02 -32.3506 0 -0.162086 -0.944621 0.28534 5.511 0.0163218
81 96.3953 167.269 101.543 0 -0.637857 -0.596609 -0.487028 5.511 0.0113029
82 5.59816 109.884 -88.5228 0 -0.86529 0.0841587 0.494157 5.511 0.0226299
83 -83.9342 -87.749 -71.8381 0 -0.951986 -0.216288 -0.216661 5.511 0.0211111
84 30.9439 -155.377 -70.8882 0 0.364267 0.388567 -0.84636 5.511 0.0949483
85 114.755 -95.7634 68.796 0 -0.428667 -0.631181 0.646417 5.511 0.0233278
86 129.396 7.25139 -44.968 0 0.503239 0.773441 -0.385408 5.511 0.0214044
87 64.861 -53.2251 -17.5451 0 -0.737054 -0.452117 0.502336 5.511 0.0191228
88 -51.3233 -191.288 -84.911 0 -0.149103 0.630817 0.761471 5.511 0.0210321
89 -18.8654 -53.7571 13.8064 0 0.614558 0.788551 0.0224839 5.511 0.0218776
90 -52.8372 45.0594 -83.8884 0 -0.685919 -0.570404 0.451834 5.511 0.0243709
91 41.1511 43.1545 -115.25 0 -0.112036 -0.814308 -0.569518 5.511 0.0232071
92 6.4154 -23.1266 -19.1673 0 -0.937608 0.345881 0.0354522 5.511 0.0223078
93 -74.0417 13.5312 116.94 0 0.840784 -0.403028 -0.361456 5.511 0.0213628
94 -129.193 58.612 60.4788 0 -0.402459 0.897639 0.179644 5.511 0.0111371
95 -94.9796 62.2904 92.4556 0 -0.819907 -0.0220858 0.572071 5.511 0.019541
96 -73.2103 -24.8549 -104.764 0 0.328676 -0.418747 -0.846536 5.511 0.0225872
97 47.2946 -111.861 -78.2296 0 -0.604783 -0.795667 -0.0339361 5.511 0.0190701
98 -46.5907 -85.0739 82.5676 0 -0.228164 -0.703573 0.672998 5.511 0.0187192
99 141.856 -17.3714 12.2849 0 0.735594 -0.672411 -0.0822495 5.511 0.0207991
100 144.17 116.325 19.7319 0 0.211841 -0.618279 0.756871 5.511 0.0189472
101 86.4105 -151.651 65.5899 0 -0.585046 -0.663848 0.465863 5.511 0.0209459
102 50.2069 -187.54 85.7993 0 -0.783215 -0.463762 0.414125 5.511 0.0174494
103 -29.276 141.853 16.9764 0 -0.220729 0.534424 0.815886 5.511 0.0150716
104 -25.2237 74.9897 -66.5665 0 0.951114 -0.268372 -0.152838 5.511 0.0166974
105 -19.9023 -49.7194 -132.929 0 -0.183931 0.711679 -0.677999 5.511 0.020838
106 43.7901 -70.2061 -41.1993 0 0.581975 0.800995 -0.140401 5.511 0.0259292
107 65.4966 32.2958 38.2226 0 0.993546 0.0864918 -0.0733857 5.511 0.0179486
108 9.18165 -49.3716 -125.446 0 0.131282 -0.101857 -0.986099 5.511 0.0206706
109 14.4017 116.137 -33.0542 0 0.119317 -0.962363 -0.244173 5.511 0.022197
110 113.849 69.193 71.5159 0 -0.366745 -0.789297 0.492452 5.511 0.0171828
111 -74.8547 -105.9 -107.66 0 0.724818 0.640903 -0.25275 5.511 0.0240021
112 -80.6482 107.646 -36.6673 0 -0.122225 -0.699882 0.703723 5.511 0.0231064
113 35.2163 -144.644 -77.2883 0 0.98103 -0.083868 -0.174773 5.511 0.017162
114 -31.1582 166.264 -120.688 0 -0.221216 -0.585381 -0.779995 5.511 0.0247164
115 138.355 -87.6102 -55.4142 0 -0.0935824 0.846666 0.523832 5.511 0.0249667
116 -96.3945 73.0898 51.4549 0 0.202231 0.90532 -0.373494 5.511 0.0202633
117 94.9439 -76.7157 -111.414 0 -0.670581 0.483033 0.563028 5.511 0.0132074
118 18.7196 146.399 -64.084 0 0.842498 -0.524292 0.123751 5.511 0.0214237
119 24.1822 70.0618 37.1139 0 -0.43371 0.513432 0.740461 5.511 0.0220379
120 -133.27 -115.335 -33.5099 0 0.57578 -0.618502 0.534727 5.511 0.0205134
121 83.2792 20.0215 -119.2 0 0.885785 -0.394109 0.245077 5.511 0.0213076
122 30.3633 128.924 128.791 0 0.502347 0.846146 -0.178003 5.511 0.0176088
123 -75.2964 37.7325 128.663 0 -0.103991 -0.62158 -0.776417 5.511 0.0161387
124 -49.4654 151.551 110.929 0 -0.0466034 0.910568 -0.410723 5.511 0.0223019
125 87.2225 -109.477 24.0481 0 -0.444274 -0.0782144 -0.89247 5.511 0.0176861
126 -25.825 -186.754 -53.6989 0 -0.372216 0.922928 0.0982857 5.511 0.0213481
127 -100.159 55.7601 -33.6329 0 -0.599166 -0.780004 0.180539 5.511 0.0209791
128 56.3442 -21.1 15.7084 0 0.53959 0.539282 0.646543 5.511 0.0193985
129 -3.6858 70.1669 -32.6953 0 0.602647 -0.673606 0.427869 5.511 0.0175931
130 10.9481 164.534 82.0814 0 -0.106589 -0.89359 -0.436046 5.511 0.0135232
131 -35.2579 167.217 142.477 0 0.636607 0.696779 0.3305 5.511 0.022207
132 -72.6226 -84.026 -61.2863 0 -0.651259 -0.503886 -0.567416 5.511 0.0194541
133 -102.723 91.4995 -38.8602 0 -0.630306 0.766528 0.12308 5.511 0.0155166
134 87.7458 46.8834 93.8807 0 -0.0869807 0.898618 0.430023 5.511 0.0247641
135 98.1563 177.815 -79.926 0 0.153121 0.353801 -0.922702 5.511 0.0180937
136 -125.707 127.77 28.8483 0 -0.566266 -0.329516 0.755488 5.511 0.0239388
137 -33.1608 -108.751 -9.23219 0 -0.177798 0.498182 0.848648 5.511 0.0188939
138 71.5927 -57.7757 114.598 0 0.119828 0.727298 0.67578 5.511 0.0220293
139 -96.6235 -1.5443 -94.7559 0 0.688986 -0.625898 -0.365446 5.511 0.0251631
140 100.387 -72.3853 -56.83 0 -0.00660476 -0.946116 -0.323762 5.511 0.0127437
141 -56.6885 77.4274 -84.8812 0 -0.777903 -0.623076 0.0815111 5.511 0.0221817
142 -17.9982 114.248 88.05 0 -0.410016 0.412141 0.81365 5.511 0.0198668
143 5.95204 -83.7114 47.4547 0 0.603308 0.564385 -0.563461 5.511 0.0145983
144 97.6383 121.051 13.2826 0 0.905622 -0.407585 -0.11715 5.511 0.0170191
145 62.0823 -59.94 -24.0671 0 -0.799097 0.20637 -0.564673 5.511 0.0233884
146 -111.94 -127.943 39.7977 0 -0.571236 -0.28607 -0.76932 5.511 0.0235063
147 -80.2892 97.4256 12.8837 0 0.617237 0.308282 -0.723865 5.511 0.0232026
148 -11.3842 -87.5584 75.1073 0 -0.950486 -0.254765 -0.177964 5.511 0.0223407
149 -52.1096 -141.205 6.46931 0 -0.644599 0.640006 -0.418192 5.511 0.0235328
150 39.6819 -127.044 -115.674 0 0.370709 0.626162 -0.685927 5.511 0.0224022
151 -57.6244 -189.231 -104.364 0 0.482466 -0.370875 0.793523 5.511 0.0180008
152 -53.6254 -106.029 -134.028 0 0.902083 0.362648 0.233949 5.511 0.0226332
153 57.8568 -20.7829 43.1507 0 -0.346586 0.0665574 -0.935654 5.511 0.0194259
154 1.86013 145.679 38.3958 0 0.0732024 -0.417333 0.905801 5.511 0.0360822
155 11.4843 42.7796 49.4315 0 -0.941501 -0.290992 0.169999 5.511 0.0156362
156 48.4824 41.6883 66.7049 0 -0.513414 -0.85325 0.0914917 5.511 0.0216042
157 100.485 -88.6272 54.506 0 -0.249021 -0.597604 0.76214 5.511 0.0204292
158 72.0012 23.5452 47.8002 0 -0.760446 0.258423 -0.595769 5.511 0.0213803
159 110.909 -31.6519 52.2477 0 -0.091023 -0.949105 -0.301522 5.511 0.0146596
160 -46.1768 174.852 96.4243 0 -0.0911909 -0.0990721 -0.990893 5.511 0.0186486
161 -56.5094 145.513 63.4723 0 0.982286 -0.129779 -0.135171 5.511 0.189504
162 -42.1859 -2.33072 107.135 0 -0.0782779 -0.938917 -0.335123 5.511 0.0208367
163 97.8444 164.784 -20.5663 0 -0.0632921 -0.757599 -0.649645 5.511 0.00416683
164 -13.7185 -28.9929 -16.2893 0 -0.898279 -0.391468 0.199618 5.511 0.0189757
165 33.5588 -37.0569 21.8933 0 0.6539 0.450296 -0.607987 5.511 0.0195355
166 144.748 -188.259 -36.8967 0 0.706999 -0.706252 -0.0368801 5.511 0.0235599
167 1.08184 86.1025 -109.017 0 0.071779 0.395958 0.915459 5.511 0.0176893
168 -103.637 163.955 47.72 0 -0.529121 -0.739794 -0.415614 5.511 0.0133115
169 21.3471 -194.507 0.347983 0 0.509634 -0.77815 -0.36709 5.511 0.0195428
170 86.9205 1.33926 -55.3253 0 -0.484805 -0.425788 0.763982 5.511 0.0211736
171 27.316 -133.392 3.99726 0 -0.4781 0.202359 -0.854676 5.511 0.0215464
172 -94.27 58.4763 11.4425 0 -0.226641 -0.773543 -0.591831 5.511 0.0208425
173 131.688 -69.0752 23.614 0 -0.636407 0.521401 0.568443 5.511 0.0233035
174 -4.37461 -162.551 -10.3694 0 0.94149 -0.286228 -0.177961 5.511 0.0164987
175 76.7732 33.2965 -85.735 0 -0.175484 -0.879661 -0.442043 5.511 0.0215485
176 130.07 -185.641 16.5943 0 0.393877 0.0735096 -0.916219 5.511 0.022354
177 -37.2814 5.63371 -80.2846 0 -0.755438 0.130453 0.642102 5.511 0.0200937
178 -129.078 141.416 29.3488 0 -0.617714 0.688671 0.379686 5.511 0.0259706
179 17.4325 -81.6125 -68.871 0 0.804605 -0.567849 0.173659 5.511 0.0179343
180 -7.66368 -158.968 66.8715 0 0.00802762 -0.164181 0.986398 5.511 0.0185034
181 66.6795 -109.636 -38.3035 0 -0.566153 -0.811468 0.14488 5.511 0.0123439
182 17.1564 0.708782 69.6671 0 -0.906702 -0.0759832 0.414872 5.511 0.0155789
183 -74.2406 189.796 114.072 0 0.830995 0.28956 0.474977 5.511 0.0185855
184 0.552821 -92.2712 -51.0535 0 0.90408 0.0258458 -0.426581 5.511 0.0225485
185 66.9321 -147.224 -38.7826 0 0.63216 0.713315 0.302581 5.511 0.048234
186 -29.5245 159.537 -40.9149 0 -0.117908 -0.575223 -0.809454 5.511 0.0173319
187 115.975 89.2339 -83.8134 0 0.557987 0.128787 0.819795 5.511 0.0192704
188 29.4974 -59.218 -48.0328 0 0.0767873 0.330664 -0.940619 5.511 0.0226549
189 102.626 135.06 68.1555 0 0.450914 -0.167839 -0.876645 5.511 0.0145099
190 63.1377 52.4737 -17.4968 0 -0.393311 0.512481 -0.763328 5.511 0.0169558
191 -63.58 108.085 -90.1354 0 0.251851 -0.921667 -0.29513 5.511 0.02306
192 16.1929 173.085 128.432 0 0.804952 -0.258344 0.534144 5.511 0.0184264
193 -119.035 -13.0087 87.6453 0 0.789046 0.271606 -0.551033 5.511 0.0201315
194 28.7642 5.13393 -38.7572 0 0.974214 0.204184 -0.0959951 5.511 0.0245671
195 82.0704 115.114 39.7315 0 0.41171 -0.0907696 0.906783 5.511 0.0192883
196 10.7523 -163.723 15.4802 0 0.425706 -0.524828 -0.737109 5.511 0.00823213
197 73.8475 -154.651 120.101 0 0.799105 0.528036 -0.287418 5.511 0.0191533
198 20.533 146.95 -18.5943 0 0.634516 0.669258 -0.386631 5.511 0.0196954
199 101.784 18.3933 -64.1854 0 -0.145289 -0.973158 0.17848 5.511 0.0218251
200 102.408 8.77822 -8.76101 0 0.822647 -0.507946 0.255427 5.511 0.0244812
201 -101.351 -179.847 66.2658 0 -0.585728 0.320689 -0.744366 5.511 0.0158453
202 -13.5323 79.0209 11.3645 0 -0.649422 0.583025 0.488194 5.511 0.0237137
203 138.194 152.819 1.21902 0 -0.148381 -0.970629 -0.189374 5.511 0.0218886
204 5.88507 -47.9749 73.3116 0 0.310822 -0.931204 -0.190389 5.511 0.0163491
205 -10.6226 -90.9097 -39.4084 0 0.148815 -0.988838 -0.00733471 5.511 0.0143727
206 2.36376 -168.184 42.3775 0 -0.410087 0.165147 0.89697 5.511 0.021661
207 75.59 -63.5899 24.2776 0 -0.950904 -0.303606 -0.0600479 5.511 0.0200127
208 -114.412 -155.332 -9.52879 0 0.701123 -0.233556 -0.673705 5.511 0.0206309
209 93.7235 -130.088 68.0027 0 -0.736117 -0.675062 0.0492232 5.511 0.0226124
210 32.6172 159.26 142.666 0 0.138259 -0.882633 0.44927 5.511 0.0203525
211 -133.619 53.5625 24.9122 0 -0.63442 -0.58525 -0.504968 5.511 0.0228806
212 32.0746 8.76787 -122.634 0 -0.0234099 0.0723025 0.997108 5.511 0.0203021
213 45.0683 82.5491 -23.1744 0 -0.00258955 0.90033 0.435199 5.511 0.0212569
214 70.6964 -193.597 45.0001 0 0.136704 -0.211925 0.967677 5.511 0.0175049
215 -81.1115 152.154 -111.72 0 0.266093 0.93753 -0.224124 5.511 0.0152166
216 -21.9149 104.865 130.679 0 -0.657956 -0.719283 -0.222992 5.511 0.0207652
217 31.6785 56.7826 67.6731 0 0.513898 0.149534 -0.844718 5.511 0.0186266
218 -101.333 -158.018 -23.6127 0 -0.230757 -0.76004 0.607528 5.511 0.0234991
219 101.64 -49.0911 -24.0226 0 0.923244 0.335119 -0.187927 5.511 0.0164644
220 145.344 -29.8868 12.5798 0 -0.322249 -0.893583 -0.312513 5.511 0.01476
221 -48.467 -69.459 -12.9169 0 0.353381 0.882636 0.30996 5.511 0.0111308
222 -14.4677 -128.483 98.4061 0 -0.724033 -0.527398 0.444554 5.511 0.0160333
223 -107.244 24.2871 101.218 0 0.272579 -0.259853 -0.926378 5.511 0.0169663
224 -148.494 -84.5707 19.7153 0 -0.488682 -0.639324 -0.593679 5.511 0.0198198
225 -70.8832 -129.49 -7.50878 0 -0.133162 -0.637899 0.75852 5.511 0.0219542
226 -124.589 10.4252 66.6706 0 -0.0922591 0.775459 -0.624621 5.511 0.0152243
227 16.4728 -73.0881 30.046 0 0.761017 0.42804 -0.487477 5.511 0.0184132
228 -20.7669 195.002 118.617 0 0.977185 0.128678 -0.168972 5.511 0.0209447
229 -95.7753 -96.3285 39.4358 0 0.200208 -0.453968 0.868234 5.511 0.01491
230 -92.0832 -107.429 -87.9633 0 0.700165 0.631427 -0.33327 5.511 0.0187674
231 -79.5123 61.8317 108.05 0 -0.818319 0.00703051 0.574721 5.511 0.0216076
232 -113.179 -101.913 68.7804 0 -0.420282 -0.851466 0.313638 5.511 0.0197265
233 -4.25327 15.7289 98.609 0 0.764954 -0.458009 -0.452849 5.511 0.0186674
234 -34.5821 -99.6084 -31.1135 0 0.395658 -0.662883 -0.635642 5.511 0.017959
235 -17.9891 116.119 123.221 0 -0.81724 -0.23093 0.528006 5.511 0.0250583
236 50.4819 -149.351 18.953 0 0.931066 0.350688 0.100668 5.511 0.0217749
237 -3.38166 167.079 21.6203 0 0.63064 -0.769961 0.0972257 5.511 0.00947324
238 -76.2182 16.8288 -64.3454 0 0.425247 0.86393 0.269797 5.511 0.0200809
239 71.093 185.163 39.4352 0 0.841169 -0.103601 0.530756 5.511 0.0205476
240 -4.76566 -150.181 99.3693 0 0.664154 0.553197 -0.502864 5.511 0.0207711
241 -24.6214 -121.263 -29.4663 0 -0.570981 0.82096 -0.00237775 5.511 0.0189878
242 51.4378 140.288 -22.3434 0 0.155421 -0.987241 0.0346311 5.511 0.0192404
243 111.258 -162.402 -85.5695 0 0.740065 0.121404 -0.661486 5.511 0.018833
244 104.569 -47.1449 5.23865 0 -0.63935 0.0627609 -0.76635 5.511 0.0242633
245 0.59883 -26.0839 -91.6672 0 -0.577256 0.0833854 0.812294 5.511 0.019304
246 40.4887 10.8153 -92.2661 0 0.494835 -0.80338 0.331239 5.511 0.0225843
247 -8.60492 -113.043 102.297 0 -0.553634 0.408529 0.725667 5.511 0.0219642
248 38.794 93.0199 -8.93572 0 -0.339172 0.922291 0.185315 5.511 0.0171183
249 -110.015 -14.8841 -16.432 0 -0.301614 -0.617051 0.726827 5.511 0.0195938
250 -43.3263 -0.396068 79.2237 0 0.0796375 -0.430944 -0.898858 5.511 0.0187372
251 -142.072 -192.384 -13.5516 0 0.620018 -0.658638 0.42635 5.511 0.0215509
252 -104.371 -48.3731 1.93801 0 0.813855 -0.0912845 0.573854 5.511 0.0221982
253 72.6527 -170.858 106.825 0 0.96543 0.256307 0.0474478 5.511 0.0220267
254 -101.221 -29.0984 -36.5581 0 0.360655 -0.127126 0.923995 5.511 0.0216993
255 93.4126 45.885 -113.386 0 0.900359 0.317473 0.297597 5.511 0.0224137
256 -40.5536 144.056 -83.7976 0 -0.688183 0.623835 0.37045 5.511 0.0197555
257 31.521 46.1663 139.86 0 0.537382 -0.645399 -0.542845 5.511 0.0199554
258 118.843 181.707 -78.8968 0 0.585031 0.69319 -0.420982 5.511 0.0196394
259 40.2627 -129.962 88.1094 0 -0.222845 0.0798181 0.971581 5.511 0.0155479
260 114.906 162.753 -90.5696 0 0.858733 0.303649 0.412764 5.511 0.0226704
261 -122.818 -133.219 78.3627 0 -0.504264 -0.849527 -0.15499 5.511 0.014499
262 140.717 72.63 -42.8897 0 -0.0191596 0.616969 0.786754 5.511 0.0219298
263 -125.818 40.7929 -19.8726 0 0.593375 -0.781066 0.19453 5.511 0.0212605
264 135.546 -34.0123 59.8562 0 0.421816 0.881731 0.211237 5.511 0.0259018
265 33.524 92.3697 60.3325 0 -0.436811 0.605148 0.665576 5.511 0.0184691
266 21.2191 85.9818 -19.7842 0 0.518204 0.746743 -0.416941 5.511 0.0244729
267 59.948 148.137 27.9977 0 0.488402 0.243746 -0.837885 5.511 0.0168965
268 115.31 100.678 -83.1545 0 -0.753961 0.544676 -0.367248 5.511 0.0198005
269 83.2666 28.0264 -119.454 0 -0.907293 -0.202002 -0.368801 5.511 0.0218309
270 58.0548 -107.843 119.882 0 -0.975277 -0.220658 0.012012 5.511 0.023084
271 -33.6572 14.46 91.9028 0 0.529334 0.666734 -0.524664 5.511 0.01884
272 51.129 -131.991 -96.5738 0 0.380072 -0.572103 0.726804 5.511 0.0247715
273 -38.3357 23.2528 18.565 0 0.614863 0.452843 0.64566 5.511 0.0236527
274 -70.0081 -17.9577 -67.9404 0 0.840349 0.0818286 -0.535833 5.511 0.0190185
275 -135.405 -154.146 16.6053 0 -0.167231 0.657311 -0.734831 5.511 0.0193737
276 -6.34029 49.0633 108.146 0 -0.332084 -0.0120506 0.943173 5.511 0.0224286
277 88.9285 47.8026 82.2011 0 -0.778044 0.0656358 0.624772 5.511 0.0212113
278 16.4448 -59.8691 -26.3856 0 0.298644 -0.692626 0.656568 5.511 0.0171332
279 43.6425 -130.306 -42.3394 0 -0.141116 -0.90541 0.4004 5.511 0.0175289
280 -102.051 -67.4284 -64.3587 0 0.035974 0.790073 -0.611957 5.511 0.0207789
281 -103.378 172.089 24.2606 0 -0.0732348 -0.572249 -0.816803 5.511 0.0194342
282 -115.123 94.7544 -26.0861 0 -0.21691 0.974788 -0.0523257 5.511 0.0091743
283 85.4452 120.073 84.3661 0 -0.0773937 0.530981 0.843842 5.511 0.0234227
284 -28.4034 -193.476 88.0469 0 0.142358 0.80744 0.572516 5.511 0.0201511
285 61.2165 -54.9768 9.91595 0 -0.561298 -0.634885 -0.530911 5.511 0.0133583
286 17.9282 163.216 7.98871 0 0.665178 -0.319184 -0.675026 5.511 0.0168266
287 -84.3562 -49.7243 73.1841 0 0.0830936 0.973544 -0.212856 5.511 0.0239008
288 29.1762 -118.226 -112.222 0 0.308502 0.677092 -0.668111 5.511 0.0212073
289 65.5666 -4.4569 68.3615 0 -0.173148 -0.523 -0.83456 5.511 0.0175324
290 137.203 62.1708 -3.52186 0 0.907499 0.0434035 0.417805 5.511 0.0119774
291 91.4879 165.303 85.4991 0 -0.763848 0.523962 -0.376828 5.511 0.0110968
292 24.3354 -79.5965 16.5855 0 0.988306 0.150217 0.0262052 5.511 0.0207394
293 -2.62812 -4.71793 102.625 0 0.561262 -0.805982 -0.18809 5.511 0.0181077
294 -79.9909 13.8886 -109.085 0 0.263687 0.9594 0.1001 5.511 0.0197082
295 104.406 15.2477 -30.6906 0 -0.781786 -0.620294 0.0636024 5.511 0.0170988
296 124.414 95.1665 17.955 0 -0.797635 -0.323549 0.509014 5.511 0.021506
297 19.2062 104.733 127.485 0 0.975826 -0.173222 0.133255 5.511 0.00144527
298 -30.5763 111.533 97.5827 0 -0.888838 0.367853 -0.273223 5.511 0.0217775
299 129.321 72.4466 60.1488 0 0.0221118 -0.209158 -0.977632 5.511 0.0213648
300 37.439 -112.421 -32.8073 0 0.920114 -0.0469945 -0.388821 5.511 0.0203777
301 -121.812 146.118 -22.834 0 0.420798 0.520989 -0.74263 5.511 0.00931529
302 -14.6465 -174.079 131.787 0 0.928435 -0.295156 -0.225589 5.511 0.0202864
303 -93.2147 -79.874 -39.9859 0 -0.422207 -0.678257 0.601423 5.511 0.0231781
304 37.392 -36.9498 125.302 0 0.613548 -0.696391 -0.372289 5.511 0.0236377
305 -51.477 80.5616 74.0085 0 0.707212 0.047077 0.705433 5.511 0.0196119
306 46.6005 -100.822 24.5879 0 -0.241253 -0.556885 0.79478 5.511 0.0183915
307 41.8255 -173.095 -59.557 0 -0.180761 0.0974812 -0.978684 5.511 0.0177711
308 -41.4534 -36.6886 -132.237 0 -0.252033 -0.460675 -0.851033 5.511 0.0169365
309 98.285 -10.7645 36.3971 0 -0.992967 -0.113795 0.0326645 5.511 0.0209008
310 -29.9018 11.4417 -108.323 0 0.219966 0.876169 -0.428886 5.511 0.0220451
311 -36.2724 -187.164 14.3062 0 0.520361 -0.338406 -0.784032 5.511 0.0262424
312 -119.915 -167.774 -77.9318 0 -0.449785 0.449071 0.772029 5.511 0.0157886
313 8.95309 -119.482 14.8384 0 0.403313 -0.90674 -0.123129 5.511 0.0220501
314 -48.9155 -166.415 43.9286 0 0.782369 -0.222106 0.581866 5.511 0.0113704
315 31.6269 -53.7215 121.814 0 -0.346185 -0.315899 0.883382 5.511 0.0123742
316 38.3945 -35.2642 -77.6058 0 -0.955077 0.0428 0.29325 5.511 0.015937
317 80.7271 -98.0839 -45.0534 0 0.61784 -0.747337 0.244459 5.511 0.0212809
318 68.3917 -185.814 117.549 0 -0.623387 0.540259 -0.565252 5.511 0.0182126
319 -127.721 -168.317 -10.408 0 0.780409 -0.517567 0.350837 5.511 0.020905
320 133.799 153.217 -46.9751 0 -0.832121 0.309907 0.459927 5.511 0.0136291
321 126.505 -151.286 -26.1961 0 -0.746508 0.0589019 0.662764 5.511 0.0161179
322 -90.7255 -7.56233 -24.3413 0 0.832876 -0.175455 0.524912 5.511 0.0197734
323 19.3857 -81.2847 123.685 0 -0.166857 -0.234995 -0.957568 5.511 0.0230039
324 19.5475 16.8533 -16.7615 0 -0.670399 -0.155334 -0.72556 5.511 0.018743
325 -5.91663 -22.8861 126.949 0 0.656334 0.0474284 -0.752978 5.511 0.0254957
326 -8.31145 67.7234 148.142 0 0.692072 0.543542 -0.474973 5.511 0.0220476
327 -130.895 -90.9229 55.2328 0 -0.0323645 -0.240792 -0.970037 5.511 0.0191448
328 79.9705 96.8098 53.8343 0 -0.172718 0.966208 -0.191339 5.511 0.0204012
329 -143.294 79.8563 -25.09 0 0.795701 -0.494657 0.349536 5.511 0.0202762
330 -40.2737 -133.309 121.145 0 0.68584 -0.655675 0.315773 5.511 0.00198571
331 -29.2386 -16.599 29.29 0 -0.333179 -0.493433 0.80344 5.511 0.0168488
332 86.018 -151.111 -7.13394 0 -0.767852 0.0645446 0.637368 5.511 0.0202262
333 -126.601 28.5159 -63.9765 0 0.112609 0.950859 0.28842 5.511 0.0204577
334 -92.5955 95.8928 103.373 0 -0.813489 -0.347026 0.4667 5.511 0.0240684
335 -110.405 -85.7558 -67.9289 0 -0.0343933 0.253282 -0.966781 5.511 0.0213079
336 51.0896 -172.259 -50.5567 0 -0.857679 0.3962 0.327737 5.511 0.0223462
337 25.2827 -166.073 -5.53703 0 0.599851 0.449072 -0.662203 5.511 0.0232473
338 -23.9453 75.7554 95.8434 0 -0.0822334 0.996513 -0.0141176 5.511 0.0237193
339 -137.119 156.112 14.8934 0 0.185622 0.193363 -0.963408 5.511 0.0181801
340 -37.5127 -16.1667 74.3646 0 0.983422 -0.00349259 -0.181296 5.511 0.0182041
341 -13.7943 -127.315 -140.525 0 -0.314042 0.893721 0.320375 5.511 0.0190485
342 61.7846 49.931 -22.0668 0 -0.684297 -0.54138 0.488514 5.511 0.0241952
343 -30.9032 193.42 24.9922 0 0.230744 0.972646 0.026768 5.511 0.019985
344 91.3932 -167.048 -59.8277 0 -0.136242 -0.928686 -0.344936 5.511 0.0226824
345 33.1908 193.688 50.4664 0 -0.605332 -0.791274 -0.0863656 5.511 0.020518
346 -84.5194 75.7508 117.157 0 -0.64653 -0.761202 -0.0507118 5.511 0.0231003
347 21.5376 -104.291 71.6919 0 -0.0117012 -0.00807775 -0.999899 5.511 0.0134702
348 -53.0618 -106.803 -80.3003 0 0.039602 0.858458 0.511353 5.511 0.0229623
349 62.6289 -98.6742 -106.915 0 0.220602 0.502493 0.835964 5.511 0.0192889
350 -96.1482 -153.234 22.2279 0 0.971621 0.0183202 0.235832 5.511 0.0188048
351 -5.93106 -99.0593 110.919 0 0.16559 0.878608 -0.447916 5.511 0.0186931
352 87.28 -59.0086 62.1425 0 -0.546997 0.542369 -0.637676 5.511 0.0156329
353 84.0853 -69.9062 -60.0842 0 0.961246 -0.2751 0.0180767 5.511 0.0895808
354 28.7484 185.501 -76.8982 0 -0.040477 -0.964629 0.260484 5.511 0.00649419
355 -17.3575 -157.673 -50.0741 0 0.536423 0.273498 0.798404 5.511 0.0210849
356 58.4815 -52.7648 109.045 0 -0.882474 -0.0166383 -0.470068 5.511 0.0160012
357 -5.70309 113.451 132.332 0 -0.463643 -0.173787 0.868812 5.511 0.0231782
358 106.309 -194.972 8.86265 0 0.172122 -0.983624 0.0534633 5.511 0.0176154
359 -120.669 84.1916 -75.1664 0 -0.330422 -0.391342 0.858879 5.511 0.0190438
360 6.26383 81.4457 -66.258 0 0.374572 0.34433 -0.860891 5.511 0.0189169
361 26.7763 -110.434 73.116 0 -0.836541 -0.00739479 0.547854 5.511 0.019471
362 61.0539 -4.21914 -15.0885 0 -0.584231 -0.699912 -0.410848 5.511 0.0187844
363 6.36368 168.215 -44.9442 0 0.731713 0.680379 -0.0409952 5.511 0.0146542
364 -47.9726 4.68275 137.304 0 -0.252889 0.863963 0.435448 5.511 0.0189403
365 -1.37574 -145.965 146.047 0 0.741712 0.529124 -0.412179 5.511 0.0173857
366 -79.1212 30.3054 -81.4293 0 -0.40074 0.0809362 -0.91261 5.511 0.0249899
367 -72.3179 121.56 -87.1909 0 0.145681 -0.933242 -0.328384 5.511 0.0151433
368 -28.4148 -165.007 111.967 0 0.958062 -0.188772 -0.215598 5.511 0.017983
369 -101.351 179.879 75.1832 0 -0.310744 -0.0213027 -0.950255 5.511 0.0238431
370 117.034 -142.612 83.8706 0 -0.734096 -0.0912813 0.672882 5.511 0.0239585
371 -70.8129 86.434 -130.564 0 0.876941 -0.289955 0.383276 5.511 0.0243465
372 54.8211 -130.949 -68.0688 0 -0.864867 0.139581 0.482206 5.511 0.0233563
373 -68.2334 143.144 -65.7766 0 0.488247 -0.801212 0.345938 5.511 0.0192358
374 50.5621 -12.6091 106.204 0 0.847328 0.322188 0.422172 5.511 0.0220161
375 17.4015 -129.984 34.5861 0 -0.534377 -0.652097 0.537783 5.511 0.0226395
376 -51.3974 -101.701 -55.1591 0 -0.439905 0.357457 0.823837 5.511 0.0207594
377 -64.8196 -52.1902 -8.26971 0 0.357598 0.26852 -0.894439 5.511 0.0192976
378 -16.378 80.0878 105.832 0 0.687535 0.677677 0.260862 5.511 0.0220966
379 -2.15006 -160.369 -2.03915 0 0.118846 -0.256421 -0.959231 5.511 0.0222289
380 23.3146 110.716 -2.96139 0 -0.0224946 0.669005 0.742917 5.511 0.0196052
381 0.472015 165.633 61.7756 0 0.871686 -0.464783 -0.15537 5.511 0.0192021
382 -73.3227 -95.4905 -46.5567 0 0.129799 -0.916418 -0.37859 5.511 0.020316
383 109.545 70.7196 -15.0471 0 0.998221 -0.0154738 0.0575875 5.511 0.0249114
384 -61.6539 -191.439 -48.769 0 0.811676 0.451385 -0.37072 5.511 0.0237051
385 76.9941 -15.4316 45.9986 0 0.336675 -0.795136 0.50439 5.511 0.0213513
386 4.43805 51.5311 2.38643 0 0.377948 0.551079 -0.743954 5.511 0.0208516
387 -7.89042 -82.3847 -9.43209 0 -0.990652 -0.0789706 0.111231 5.511 0.0169362
388 2.36213 -58.714 -98.2985 0 -0.132233 0.990698 0.0321151 5.511 0.0159881
389 71.4535 -55.064 -125.146 0 0.113525 0.0106929 -0.993478 5.511 0.0199995
390 -56.0509 65.0037 -108.857 0 -0.0972895 0.989244 0.109227 5.511 0.0210018
391 -127.863 -76.2458 30.2623 0 0.578222 -0.81578 -0.0127286 5.511 0.0223466
392 7.5163 -154.501 56.7052 0 0.0479875 -0.536788 0.842351 5.511 0.0191876
393 83.5425 -128.505 -26.9255 0 0.208232 -0.328992 0.921088 5.511 0.0203678
394 -52.1994 57.0369 43.5647 0 -0.848622 0.528768 -0.0156515 5.511 0.0123027
395 78.125 47.1702 6.10517 0 0.918537 -0.222257 -0.326944 5.511 0.0267581
396 40.39 74.6557 -114.586 0 -0.315655 -0.45176 -0.834431 5.511 0.0195789
397 -33.6953 -130.103 -74.0166 0 -0.500263 -0.823619 0.267188 5.511 0.0213892
398 73.9503 -19.3709 51.309 0 0.475585 -0.632353 0.611514 5.511 0.0238228
399 -84.7944 -153.402 51.4014 0 0.000576618 -0.99078 -0.13548 5.511 0.0155218
400 -71.9967 168.575 13.653 0 0.260496 0.849778 0.458279 5.511 0.0246294
401 116.996 188.601 -34.328 0 -0.445999 -0.536742 -0.716235 5.511 0.018765
402 -17.0694 153.037 90.59 0 0.697832 0.712527 -0.0730509 5.511 0.0225057
403 -75.7558 176.995 68.837 0 -0.300083 -0.452116 0.839965 5.511 0.019215
404 29.7018 -192.397 103.996 0 0.00212629 0.999397 -0.0346667 5.511 0.0214324
405 99.5671 44.195 -16.6535 0 -0.855373 -0.517083 0.0310279 5.511 0.0126826
406 9.00282 -100.403 -108.142 0 -0.710942 0.515636 -0.478207 5.511 0.0155411
407 89.4204 70.8202 18.6606 0 0.185084 0.464148 0.866205 5.511 0.0226554
408 38.0344 -29.291 45.7031 0 -0.500863 0.293982 0.81407 5.511 0.0245292
409 -40.1013 99.5545 108.517 0 -0.462699 0.326431 -0.824228 5.511 0.0186534
410 -0.394213 8.95719 -30.4715 0 0.849992 -0.0682921 -0.52235 5.511 0.0188748
411 11.1923 -56.2436 37.0212 0 0.501043 0.713433 -0.489866 5.511 0.0243036
412 -118.386 -41.1555 -6.27213 0 -0.936893 -0.34369 0.0640953 5.511 0.021895
413 57.8385 52.0302 23.2178 0 0.558498 0.205434 0.803665 5.511 0.0251446
414 36.4224 15.6586 126.977 0 0.681494 0.278062 -0.67694 5.511 0.0215643
415 -5.60503 8.40577 90.5021 0 0.297943 -0.359067 0.884478 5.511 0.0256622
416 34.6873 147.177 48.8163 0 0.590208 0.166568 0.78988 5.511 0.0193983
417 -143.681 -174.824 -21.1847 0 -0.751482 0.151604 0.642098 5.511 0.0174008
418 54.5105 -151.016 -88.9727 0 0.0799371 -0.836643 -0.541884 5.511 0.0234624
419 -118.609 -30.0312 80.1408 0 0.853479 -0.209448 0.477184 5.511 0.0211566
420 103.681 -167.739 43.132 0 0.357846 -0.852133 0.381857 5.511 0.0190116
421 73.3382 89.9714 50.3753 0 -0.78359 0.564182 0.260166 5.511 0.0197333
422 -91.6018 8.85016 -84.1085 0 -0.731736 -0.680199 0.043484 5.511 0.0180518
423 72.9861 49.136 95.7734 0 -0.521057 0.107033 0.846784 5.511 0.0218175
424 33.0656 -91.3336 -95.5868 0 0.44033 -0.246283 -0.863397 5.511 0.0211304
425 -64.6035 -69.8406 -31.1251 0 0.724557 0.427893 0.540301 5.511 0.0218057
426 73.1994 -140.539 -27.4766 0 0.0392326 -0.974347 -0.221604 5.511 0.0251311
427 17.9154 164.65 -34.8197 0 0.903989 0.42468 -0.0495044 5.511 0.0192402
428 -31.4746 153.907 135.774 0 0.543761 0.83732 -0.0567398 5.511 0.0111651
429 -14.5106 79.4062 88.4246 0 0.377872 -0.925855 0.00223613 5.511 0.0234916
430 121.262 39.3314 29.4174 0 0.56931 0.543965 0.616432 5.511 0.00158725
431 -29.9023 -9.44996 -137.857 0 0.519996 -0.422307 0.74247 5.511 0.0204595
432 100.395 62.1994 62.3642 0 0.717685 -0.666944 0.200284 5.511 0.0188593
433 132.221 119.801 -43.5019 0 0.344633 0.747883 0.567361 5.511 0.0229355
434 -36.2755 34.3279 80.8656 0 -0.687667 -0.483215 -0.541864 5.511 0.0194362
435 -28.9002 -95.1771 -14.1978 0 -0.886196 0.0300409 -0.462336 5.511 0.017799
436 -128.433 106.884 -31.6068 0 0.0326211 -0.0463401 0.998393 5.511 0.0176135
437 -25.9817 148.193 48.4094 0 0.854742 -0.512939 -0.0794348 5.511 0.0239535
438 73.7094 110.708 18.1569 0 -0.538704 0.438349 -0.719478 5.511 0.0204826
439 140.999 105.211 35.6 0 -0.390574 0.109277 -0.914063 5.511 0.0212881
440 67.2617 -85.3709 99.6079 0 0.116713 0.993149 -0.00581837 5.511 0.0179266
441 -18.7642 -180.547 121.343 0 0.394244 0.664589 0.634738 5.511 0.0169502
442 133.192 -183.834 40.0799 0 -0.0440305 0.968808 0.243868 5.511 0.0232444
443 125.604 -3.09851 81.8807 0 -0.284011 -0.941734 -0.180209 5.511 0.0202085
444 -80.5665 57.9559 2.52701 0 0.918642 0.387757 0.0757734 5.511 0.0216661
445 -101.047 178.374 -59.9168 0 -0.741918 -0.448064 -0.498796 5.511 0.0195244
446 121.917 -21.7139 46.3529 0 -0.982116 0.114315 -0.1496 5.511 0.0168171
447 121.61 72.7178 -48.4926 0 -0.611606 0.688861 0.389114 5.511 0.0181078
448 9.51962 138.129 26.5296 0 0.624872 0.0704952 -0.777538 5.511 0.0197228
449 -79.1357 109.639 58.3973 0 -0.158417 -0.459052 0.874171 5.511 0.0242263
450 16.0523 -34.3404 99.5924 0 -0.666003 -0.671288 -0.325287 5.511 0.0173638
451 -22.9423 -112.728 -123.984 0 0.704357 -0.216368 -0.676066 5.511 0.0186447
452 132.12 143.46 -43.7182 0 -0.145514 0.385042 -0.911355 5.511 0.0198651
453 -46.3833 -183.902 47.9401 0 0.94651 -0.242043 0.21339 5.511 0.0153811
454 68.8717 -180.018 84.7608 0 0.751275 -0.57296 0.327572 5.511 0.022351
455 -14.9582 49.5785 -138.785 0 -0.639945 0.678781 -0.360174 5.511 0.0193429
456 -39.563 -19.6286 -140.296 0 -0.722164 -0.445657 -0.529027 5.511 0.0178763
457 104.439 -50.4254 -60.595 0 -0.208315 0.0446325 0.977043 5.511 0.0232945
458 -122.049 155.177 60.8268 0 -0.960122 0.107775 -0.257973 5.511 0.0223277
459 88.5159 157.847 -84.3361 0 -0.568105 -0.233819 -0.789041 5.511 0.0159708
460 53.3235 137.485 -126.62 0 0.493491 -0.275606 0.824929 5.511 0.0183422
461 23.1413 -166.9 -8.86372 0 0.885499 0.353448 0.301605 5.511 0.0166817
462 -16.4748 -27.0001 117.821 0 -0.852136 -0.186663 -0.488898 5.511 0.0204974
463 -15.7566 -159.894 -32.8055 0 0.0649382 -0.289725 0.954905 5.511 0.0101719
464 -46.5966 37.1694 10.3813 0 -0.830058 0.545732 0.114804 5.511 0.0222813
465 31.8838 120.809 114.977 0 -0.731994 0.532164 -0.425425 5.511 0.0223354
466 -35.835 -187.531 48.6406 0 -0.72315 0.407533 0.557647 5.511 0.0213321
467 38.1445 -0.305502 -67.9603 0 -0.349027 0.878723 -0.325617 5.511 0.023085
468 -80.7772 161.562 22.1894 0 -0.964707 -0.208422 0.160935 5.511 0.0150669
469 -54.9218 133.481 95.4644 0 0.489152 0.852233 -0.185552 5.511 0.0221139
470 110.953 139.949 -8.58846 0 -0.0355966 0.511423 0.858591 5.511 0.0213813
471 40.2988 -24.3171 80.1164 0 -0.16571 -0.753074 -0.636726 5.511 0.0187347
472 24.6559 51.7973 -57.1295 0 0.823284 0.0842294 0.561345 5.511 0.0216068
473 70.1756 -3.4713 30.1749 0 0.797401 0.601723 -0.0456259 5.511 0.0198531
474 -85.5436 29.4832 40.8211 0 -0.185817 0.719957 -0.668681 5.511 0.0181388
475 80.5968 -169.503 45.3161 0 -0.410754 -0.709199 -0.572991 5.511 0.0119085
476 83.9837 23.1761 -101.676 0 -0.605448 -0.750822 -0.264005 5.511 0.0245654
477 113.325 186.34 -92.8105 0 0.110706 -0.957184 0.267475 5.511 0.00914853
478 -70.8635 148.168 98.8533 0 0.672415 -0.236445 -0.701393 5.511 0.0141708
479 -80.4865 -52.1487 -101.08 0 -0.392435 0.393958 0.831139 5.511 0.0253568
480 -18.9817 -185.079 136.068 0 -0.188196 0.895807 0.402632 5.511 0.0184442
481 -95.1131 49.039 -115.927 0 -0.00127202 0.905977 0.423325 5.511 0.0212929
482 54.4297 -96.9685 116.487 0 0.967737 0.00193136 0.251956 5.511 0.017858
483 -81.8625 -117.611 98.2948 0 0.191686 -0.915218 0.354447 5.511 0.0204749
484 35.3852 -135.444 -7.29446 0 -0.167779 0.173803 -0.970383 5.511 0.0177148
485 117.821 164.388 42.1319 0 -0.811761 -0.565246 -0.146771 5.511 0.0177467
486 19.1049 -123.273 140.53 0 0.247104 0.591393 0.76759 5.511 0.0137321
487 -87.3105 168.969 -3.57424 0 -0.820296 -0.310399 -0.480382 5.511 0.0179289
488 36.4211 -159.036 123.158 0 0.489014 -0.152733 -0.8588 5.511 0.0192433
489 -111.234 162.697 0.160559 0 0.17198 0.0223336 0.984847 5.511 0.0172272
490 68.0899 -137.987 89.726 0 -0.835539 -0.538129 0.110866 5.511 0.0230076
491 -90.9901 81.8064 6.3176 0 -0.860084 0.357393 0.364042 5.511 0.0248338
492 47.8125 143.923 104.845 0 0.277657 0.46962 -0.838071 5.511 0.0199254
493 59.5305 160.732 -90.2619 0 -0.476593 -0.52338 0.706351 5.511 0.0217515
494 89.6226 -65.4522 37.3071 0 -0.900292 0.418677 0.119097 5.511 0.0125981
495 -35.9087 -171.651 141.934 0 -0.850478 -0.323301 -0.414926 5.511 0.0235722
496 78.8645 -170.79 73.7724 0 -0.651046 0.680535 -0.336171 5.511 0.0235794
497 67.2994 162.24 -126.755 0 -0.346784 0.556653 0.754903 5.511 0.0234734
498 105.109 -182.779 -99.3283 0 -0.356593 0.212703 0.909725 5.511 0.0217693
499 1.89251 -103.553 -4.58584 0 0.780911 0.320489 -0.536158 5.511 0.0209372
500 -3.847 188.364 27.82 0 0.362883 0.404611 0.839408 5.511 0.0232903
501 -57.397 -120.33 68.9881 0 0.899064 -0.401229 0.175211 5.511 0.023776
502 -121.001 144.813 28.1824 0 -0.255554 -0.825224 0.503684 5.511 0.0173895
503 -101.62 119.279 77.2134 0 -0.393531 -0.709901 -0.5841 5.511 0.00995802
504 -41.6842 95.6619 -36.3281 0 0.979035 0.184026 -0.0873224 5.511 0.0227584
505 -106.67 152.209 3.5246 0 -0.614481 -0.136704 -0.776997 5.511 0.0131272
506 -11.5886 51.3738 -63.1978 0 0.0245858 0.548707 0.835653 5.511 0.0183562
507 -27.804 -92.8585 -129.061 0 0.735524 -0.334097 -0.589393 5.511 0.0210847
508 -44.8604 -98.4241 12.9966 0 -0.579616 0.282822 -0.764236 5.511 0.0196465
509 -34.5602 -32.8021 26.3008 0 0.746129 0.301066 0.593844 5.511 0.0190742
510 138.396 -191.444 47.1737 0 -0.88714 0.110883 -0.447981 5.511 0.0128266
511 106.341 119.337 -23.8386 0 -0.800652 0.527379 0.284302 5.511 0.0169936
512 -128.534 -164.355 -39.5809 0 0.210388 -0.124996 -0.969594 5.511 0.0241897
513 -52.8332 56.5321 -13.0999 0 0.262771 -0.910603 0.318987 5.511 0.0176282
514 -85.8916 -165.16 20.9458 0 -0.506013 -0.0977614 -0.856968 5.511 0.0208782
515 88.543 -43.6415 114.307 0 -0.756197 0.294852 -0.584148 5.511 0.0230541
516 -110.18 126.001 -38.9938 0 0.920716 -0.197378 -0.336635 5.511 0.0250764
517 75.5403 -179.274 13.016 0 0.0140385 0.894157 -0.447533 5.511 0.0206547
518 35.7362 161.21 -93.8607 0 0.942317 0.196128 0.271241 5.511 0.0209627
519 -62.9887 -67.4843 -56.1777 0 -0.295754 0.416098 -0.859879 5.511 0.0247075
520 15.4628 -177.699 126.517 0 0.0335916 0.993808 0.105911 5.511 0.0155132
521 -100.45 -156.409 -74.6995 0 0.845124 -0.534367 0.0147587 5.511 0.00965948
522 49.679 16.6309 40.9594 0 0.651236 0.343562 0.676651 5.511 0.0162736
523 -51.4703 -183.505 71.9762 0 -0.91883 0.346167 -0.189524 5.511 0.0158551
524 -17.2601 119.483 -28.4065 0 0.559192 0.26074 0.786968 5.511 0.0157143
525 40.2371 -1.26855 13.4246 0 -0.237966 -0.911542 -0.335357 5.511 0.0129052
526 -88.4913 -103.667 -103.506 0 -0.817673 0.572531 0.0601578 5.511 0.0230994
527 11.8779 190.822 -40.406 0 0.0732773 -0.228594 0.97076 5.511 0.0183928
528 -115.4 -108.604 72.5874 0 0.566563 -0.175994 -0.805005 5.511 0.0176837
529 -138.935 -38.779 -7.67364 0 0.533191 0.53331 0.656725 5.511 0.022086
530 -49.7856 194.076 -33.3247 0 -0.528421 -0.362297 -0.767797 5.511 0.0237108
531 75.1501 -17.4912 110.115 0 0.119109 -0.608678 0.784426 5.511 0.0223277
532 59.1051 -30.003 -130.088 0 0.593288 0.308538 -0.743515 5.511 0.0247404
533 -1.68262 -48.2561 82.9322 0 -0.0495104 -0.848177 0.527395 5.511 0.0195072
534 -14.4135 -145.987 24.7112 0 -0.330953 -0.0686691 0.941145 5.511 0.0183404
535 -40.3099 52.1521 -62.2448 0 0.575006 -0.202091 0.792797 5.511 0.0174524
536 14.1294 -159.847 -126.807 0 -0.998001 0.0161908 0.0610867 5.511 0.0160434
537 -128.884 -157.365 20.9235 0 0.853131 -0.519778 -0.0446947 5.511 0.00190324
538 97.9431 -19.2783 -76.8991 0 -0.586192 0.776716 -0.230416 5.511 0.0126053
539 -11.8878 0.104484 141.144 0 0.211598 0.945707 0.246707 5.511 0.0183983
540 24.0287 -113.499 85.3652 0 -0.527837 0.47784 -0.70218 5.511 0.0117246
541 28.8072 -154.431 -134.256 0 0.56622 -0.723608 0.394697 5.511 0.0178668
542 -127.028 -121.783 25.9151 0 -0.376766 -0.170694 -0.910445 5.511 0.0240488
543 11.2665 193.945 -4.97254 0 -0.613639 0.78594 0.0757965 5.511 0.0140749
544 -32.4181 -48.8897 140.505 0 -0.446544 -0.704934 -0.55106 5.511 0.0230007
545 -148.113 -102.293 -6.76621 0 -0.755321 0.0424007 -0.653982 5.511 0.0118613
546 -44.6182 114.103 25.6688 0 0.00589419 0.798328 -0.602194 5.511 0.0225828
547 18.2212 -94.1447 37.917 0 0.474281 -0.880123 0.0210185 5.511 0.0222656
548 66.6739 21.7255 31.7998 0 -0.488197 -0.300501 0.819367 5.511 0.0170222
549 62.66 140.298 -116.979 0 0.614278 0.355228 -0.70461 5.511 0.0168194
550 -47.0917 154.301 123.029 0 -0.760146 -0.286812 -0.583024 5.511 0.0192599
551 -0.262499 -147.139 50.8039 0 0.341046 -0.543406 -0.767071 5.511 0.0223285
552 117.8 -64.641 40.7387 0 -0.794337 0.106681 -0.598037 5.511 0.0262965
553 10.3345 71.7874 -43.1094 0 -0.0336861 -0.762763 -0.6458 5.511 0.0163679
554 -37.6756 62.1227 -120.57 0 0.936465 0.0773707 -0.342121 5.511 0.0216808
555 4.89668 78.3187 -53.0191 0 0.386645 -0.384122 0.838425 5.511 0.023122
556 15.1433 -14.802 -51.2619 0 -0.114145 -0.194151 0.974308 5.511 0.0252102
557 -73.1564 -85.4779 -13.5997 0 -0.958231 -0.184031 -0.218922 5.511 0.0215628
558 120.008 88.0787 -25.2297 0 -0.435947 0.492648 -0.753159 5.511 0.0189396
559 -43.9223 26.1271 -82.9434 0 -0.128803 0.830633 -0.541719 5.511 0.0258627
560 7.62384 -45.7276 57.7363 0 -0.22448 0.904735 -0.362027 5.511 0.01857
561 136.454 33.6213 19.943 0 0.401565 0.235545 0.885022 5.511 0.0145691
562 138.282 41.923 -23.6773 0 -0.891983 0.0297181 0.451092 5.511 0.017501
563 27.1929 26.3177 44.8829 0 -0.889637 -0.41049 -0.20011 5.511 0.02103
564 -112.415 106.199 -28.6388 0 -0.498368 0.86685 -0.0141441 5.511 0.017888
565 -91.8181 -30.7957 81.192 0 0.322434 -0.69255 -0.645298 5.511 0.0236075
566 -17.9643 117.269 17.9742 0 -0.304055 -0.473936 -0.826398 5.511 0.0181738
567 66.4663 167.938 -86.5759 0 0.349869 0.675236 0.649344 5.511 0.0227448
568 106.63 -19.9376 -0.343408 0 0.0553559 -0.992814 -0.106093 5.511 0.0225585
569 21.2111 -149.771 -35.0404 0 -0.490096 0.671167 -0.556185 5.511 0.0200851
570 -92.3851 -189.718 -5.02343 0 -0.737902 -0.461162 -0.492778 5.511 0.00651933
571 -121.626 -194.347 16.9502 0 0.730852 0.622182 -0.280614 5.511 0.0168106
572 104.493 -132.807 47.7598 0 0.762954 0.645785 -0.0293802 5.511 0.00203683
573 -51.9113 -19.9266 -108.491 0 0.909532 -0.315183 0.270946 5.511 0.0154123
574 -89.3418 -185.54 93.4114 0 -0.83664 0.507388 0.206375 5.511 0.0211634
575 -64.3345 57.1994 -71.9188 0 -0.771245 -0.323116 -0.548431 5.511 0.0163406
576 82.052 -179.8 9.01311 0 -0.340333 0.896765 0.282818 5.511 0.0207976
577 -23.5366 15.3658 -139.208 0 0.961341 0.213202 0.174268 5.511 0.0155954
578 68.8438 187.298 46.0902 0 0.328101 -0.218925 -0.918924 5.511 0.0194807
579 -43.8669 -37.8562 -114.78 0 0.212085 -0.00115163 -0.977251 5.511 0.00732626
580 35.1863 107.198 69.1343 0 -0.454955 0.130874 -0.880845 5.511 0.0219986
581 3.76384 -53.6363 79.42 0 -0.221916 0.723039 -0.654192 5.511 0.0217092
582 121.831 88.7329 17.3075 0 -0.143852 0.171563 0.974614 5.511 0.0209844
583 25.5196 96.9975 -114.358 0 0.0691713 0.988757 0.132574 5.511 0.0146895
584 126.524 -87.7318 25.5779 0 -0.516332 0.82043 0.245553 5.511 0.0255409
585 -126.19 -16.8541 -8.75099 0 0.541686 -0.482103 0.688588 5.511 0.0172416
586 -60.0849 -58.653 135.661 0 0.135408 -0.248234 0.95919 5.511 0.0212276
587 11.3514 -72.3971 141.499 0 0.260808 -0.532221 0.805432 5.511 0.0143193
588 135.487 -149.144 16.3059 0 -0.824166 -0.0336684 -0.565347 5.511 0.0186245
589 72.0115 -89.4131 -50.6168 0 0.756074 -0.418157 0.503485 5.511 0.0144636
590 -21.0612 -9.56531 -83.7951 0 -0.859679 -0.250436 0.445234 5.511 0.0245644
591 27.4064 15.9613 126.481 0 -0.206534 0.316709 -0.925764 5.511 0.0206713
592 68.1762 29.6936 -1.31538 0 0.898226 0.436942 0.047659 5.511 0.0204857
593 3.81162 7.15482 -44.2109 0 -0.497366 0.016451 -0.867385 5.511 0.0194663
594 -73.6414 194.665 56.7655 0 -0.898801 0.38958 0.200958 5.511 0.0185613
595 -0.0529826 -194.815 -21.2367 0 -0.594761 0.1628 -0.787245 5.511 0.0184678
596 70.4611 145.689 23.6225 0 -0.0635311 -0.767219 0.638231 5.511 0.0181311
597 141.242 16.3552 49.6584 0 -0.572737 0.808362 0.136101 5.511 0.016881
598 84.0632 160.189 -69.8495 0 -0.274865 -0.947074 -0.165833 5.511 0.0226489
599 38.9463 -189.629 -58.9926 0 0.915189 0.390844 -0.098334 5.511 0.0205434
600 85.5784 -2.05854 -23.037 0 -0.881234 -0.236221 0.409422 5.511 0.0196011
601 -38.9822 -147.243 68.1684 0 0.828413 -0.208273 0.519956 5.511 0.112039
602 -110.65 99.6005 28.1578 0 -0.991787 0.0577018 -0.114147 5.511 0.0203907
603 -82.0244 99.2916 40.3455 0 0.618734 0.659954 -0.42618 5.511 0.0174864
604 55.1857 -182.122 -120.26 0 -0.482936 -0.872438 -0.0750037 5.511 0.0223822
605 24.2242 -73.0856 41.5362 0 -0.50631 -0.74647 0.431778 5.511 0.0210982
606 -71.2423 -106.514 -87.9246 0 0.784975 0.302335 0.540748 5.511 0.0167252
607 7.82195 182.839 134.004 0 0.411823 -0.761254 0.500893 5.511 0.0167258
608 104.48 -73.0109 -105.011 0 -0.133743 -0.0220427 -0.990771 5.511 0.0201374
609 -75.6077 25.4087 82.2295 0 -0.339574 -0.507849 0.791694 5.511 0.017319
610 125.543 -110.554 50.0034 0 -0.763915 0.628058 -0.148246 5.511 0.0208902
611 82.1175 13.9046 -12.7186 0 -0.170191 0.866919 -0.468494 5.511 0.0237422
612 108.203 135.555 100.22 0 -0.563466 -0.55317 -0.613603 5.511 0.0230292
613 -7.86477 -44.9766 60.4959 0 0.650643 0.616939 -0.442776 5.511 0.0194589
614 -31.3315 -135.884 -51.1958 0 0.049873 0.184993 -0.981474 5.511 0.021037
615 -26.3681 72.4239 147.515 0 -0.0854817 0.792678 -0.603617 5.511 0.0146545
616 -124.346 167.84 4.37446 0 0.657322 0.101157 -0.74679 5.511 0.0166076
617 28.7301 -178.237 126.492 0 0.604265 -0.651078 -0.459305 5.511 0.0209995
618 -39.2134 -52.879 -113.547 0 -0.262867 -0.932633 0.247179 5.511 0.021954
619 124.272 -193.802 -35.1968 0 -0.896379 0.349464 0.272727 5.511 0.0221011
620 -106.789 -90.4093 67.4088 0 -0.628853 -0.611779 0.479866 5.511 0.0198806
621 -115.474 156.571 91.4499 0 0.222756 0.559145 -0.798584 5.511 0.0215608
622 5.69222 -0.135018 39.1604 0 -0.78431 -0.581623 -0.215805 5.511 0.0210065
623 18.6159 -136.605 0.689383 0 -0.353121 0.265687 0.89706 5.511 0.0163775
624 -50.7817 51.5111 138.464 0 -0.252386 0.803087 -0.53977 5.511 0.0231921
625 50.9448 64.4861 -88.3702 0 -0.416427 0.527204 0.740706 5.511 0.018099
626 89.5714 32.0468 0.735876 0 -0.569643 0.681051 0.460084 5.511 0.0197022
627 76.498 -69.5294 -91.229 0 -0.466155 -0.830136 -0.305899 5.511 0.0166007
628 -69.2111 177.266 -74.4428 0 -0.598158 -0.0240741 0.801017 5.511 0.00874198
629 -11.2426 -152.784 -67.3331 0 0.352151 -0.912707 -0.207258 5.511 0.0454563
630 -53.7417 68.1561 17.721 0 0.161865 0.966009 -0.201558 5.511 0.0157823
631 16.4208 -110.532 127.428 0 0.061965 -0.235261 0.969955 5.511 0.0164657
632 69.422 14.9659 -9.1025 0 0.110953 -0.987742 0.109794 5.511 0.0228624
633 -18.249 -128.593 -83.3709 0 -0.700174 -0.694732 0.164636 5.511 0.0158104
634 -22.849 -109.725 -40.8173 0 0.749116 0.460426 0.476269 5.511 0.0232882
635 21.0122 -181.872 -96.8387 0 0.847489 0.469288 0.248054 5.511 0.0230823
636 -20.8926 3.71514 -28.4378 0 0.973014 -0.196918 0.120275 5.511 0.0153007
637 -36.3245 -181.501 -51.168 0 -0.675498 -0.637412 0.370686 5.511 0.02196
638 -63.4184 -30.5502 113.81 0 0.524728 0.415698 0.74287 5.511 0.0173933
639 57.8134 160.8 40.8218 0 0.84798 -0.305549 0.433093 5.511 0.0186245
640 -143.398 22.1027 30.5863 0 0.724446 -0.621952 -0.297244 5.511 0.0182867
641 20.4986 10.0854 -125.059 0 -0.562309 0.618819 -0.548518 5.511 0.0149019
642 -135.802 -122.857 -42.1757 0 0.663458 0.722166 0.195704 5.511 0.0235155
643 13.9592 -88.7483 -31.7362 0 -0.456435 0.454197 0.765096 5.511 0.0226034
644 8.24221 -15.241 103.4 0 -0.424189 0.278515 0.86168 5.511 0.0192402
645 47.0081 167.17 -80.7772 0 0.285019 -0.956677 -0.0594332 5.511 0.01438
646 24.7642 -175.591 140.569 0 0.613653 -0.779293 -0.127015 5.511 0.016746
647 -35.2334 -72.2789 35.7103 0 -0.205067 0.94601 0.251024 5.511 0.014892
648 113.904 89.8568 63.3381 0 0.271833 -0.384428 0.882225 5.511 0.0157985
649 140.718 -1.72691 -38.3769 0 -0.501336 -0.783853 -0.366383 5.511 0.0171264
650 -79.1153 3.89599 125.063 0 -0.599845 0.787389 0.142143 5.511 0.022165
651 82.6566 132.923 61.0192 0 -0.0404232 -0.994659 0.0949718 5.511 0.0175519
652 -85.3789 78.9699 51.922 0 0.163293 -0.514364 0.841882 5.511 0.0170351
653 -53.0666 190.8 -104.159 0 0.27849 -0.960325 -0.0147899 5.511 0.0160197
654 105.044 103.391 -45.8361 0 0.469538 -0.770041 0.431938 5.511 0.0180057
655 -99.9237 -142.911 -51.8031 0 -0.323855 -0.335935 0.884458 5.511 0.0185475
656 -48.6948 165.651 87.3996 0 0.758107 -0.218983 0.614264 5.511 0.015147
657 -47.53 7.89325 96.8832 0 0.940507 -0.210815 -0.266465 5.511 0.187896
658 -35.5413 102.152 -105.813 0 -0.969598 0.041393 0.241178 5.511 0.0187135
659 71.542 14.3986 -94.212 0 0.528755 0.549096 -0.647234 5.511 0.0119181
660 67.7795 54.1151 -29.9562 0 0.166038 0.441468 -0.881781 5.511 0.0232665
661 1.85165 -130.941 -26.2107 0 0.657256 0.560174 0.504202 5.511 0.0193117
662 -38.1309 -8.68713 144.998 0 -0.188777 -0.969801 0.15443 5.511 0.0193854
663 28.3957 48.2338 137.658 0 0.272182 0.911366 0.308753 5.511 0.0198017
664 -129.164 141.342 -66.5808 0 -0.13704 -0.982544 -0.125805 5.511 0.0185003
665 -11.1862 30.3671 -10.2277 0 -0.0340933 -0.797998 -0.601695 5.511 0.01779
666 -54.2731 -157.287 101.911 0 -0.701218 0.712864 -0.0108871 5.511 0.0110577
667 72.9426 -60.799 77.9911 0 0.575864 0.671138 -0.466856 5.511 0.0190306
668 -79.3152 109.843 -81.7162 0 0.0617609 -0.163872 0.984546 5.511 0.016723
669 -95.7732 -139.78 32.274 0 -0.0709131 -0.604375 0.793538 5.511 0.0138088
670 63.2125 -162.477 -73.1648 0 -0.578552 -0.200095 0.790721 5.511 0.0162943
671 -69.9431 -11.2302 24.5488 0 -0.65001 -0.759524 -0.0246933 5.511 0.015695
672 117.275 -77.6714 78.4863 0 -0.973977 0.223193 0.039408 5.511 0.0246631
673 -2.33175 100.639 69.7083 0 0.488216 -0.682643 0.543731 5.511 0.0205603
674 87.5035 162.04 81.6997 0 -0.775135 -0.495523 -0.391947 5.511 0.021835
675 -118.559 -139.883 35.1277 0 0.740283 -0.385378 -0.550876 5.511 0.0182866
676 95.0783 -16.955 114.643 0 -0.417058 0.365989 -0.831934 5.511 0.0154538
677 106.383 -82.39 60.9037 0 0.880865 -0.453753 -0.134851 5.511 0.0227636
678 -94.3211 69.396 22.066 0 0.100948 0.145839 0.984145 5.511 0.0235307
679 -105.397 4.97799 -34.8235 0 0.225583 -0.562484 -0.795439 5.511 0.0190384
680 -127.75 -161.034 -61.677 0 -0.688105 0.250591 -0.680967 5.511 0.0232347
681 -113.069 65.4254 -10.4546 0 -0.725313 0.2724 0.632233 5.511 0.0260831
682 11.2578 35.3723 4.3834 0 0.642755 0.761027 0.087774 5.511 0.0183345
683 50.2355 164.214 124.312 0 0.103059 0.953647 0.282728 5.511 0.0199685
684 124.891 -58.3097 58.1513 0 0.398017 -0.287992 -0.871001 5.511 0.0225083
685 -28.9068 122.36 -52.1208 0 -0.464808 0.385833 -0.796923 5.511 0.0148453
686 78.6651 62.2205 105.561 0 0.0886561 0.99424 0.0602309 5.511 0.00141407
687 -9.3075 170.99 72.7799 0 -0.21504 -0.358916 0.90826 5.511 0.01732
688 37.5464 64.7578 -127.836 0 -0.318663 0.914824 0.248094 5.511 0.0180015
689 73.0309 -136.626 -113.108 0 -0.973075 0.12055 0.19645 5.511 0.0176008
690 55.9432 -79.2311 -135.104 0 0.969557 0.233757 -0.0729231 5.511 0.0246785
691 -39.1469 -91.5438 -65.1732 0 0.357347 0.931792 0.0637691 5.511 0.0222596
692 -11.8173 111.393 36.7803 0 0.230436 -0.855917 0.462931 5.511 0.0176751
693 60.7439 134.445 -31.6874 0 -0.457869 0.280382 0.843648 5.511 0.0188113
694 41.9456 74.8973 35.6996 0 -0.909167 0.339377 0.241328 5.511 0.0212068
695 40.6555 145.394 -63.6659 0 -0.591615 0.233077 0.771794 5.511 0.0553212
696 25.919 -18.1115 145.286 0 0.13907 0.152168 0.978522 5.511 0.0166242
697 -14.9832 -101.571 -0.320581 0 -0.492816 -0.861239 0.124093 5.511 0.0252733
698 79.9072 -47.5041 52.2357 0 -0.407931 0.0155829 0.91288 5.511 0.0153361
699 3.89696 -110.997 -71.055 0 -0.409174 0.891353 -0.195104 5.511 0.0227144
700 -28.6839 -3.72919 99.5861 0 -0.575028 -0.57672 0.58029 5.511 0.0160096
701 88.2157 -1.80176 8.16456 0 -0.984042 -0.165652 0.0649692 5.511 0.0211382
702 -44.0398 -67.6393 83.4907 0 -0.0245295 -0.809902 -0.586052 5.511 0.0130598
703 -8.03928 62.1578 -23.7624 0 0.543884 -0.798501 -0.258043 5.511 0.0225778
704 -127.588 -49.4781 -67.4371 0 0.0442661 0.342379 -0.938519 5.511 0.0216169
705 143.897 -75.573 -37.9711 0 0.583796 -0.785881 -0.203896 5.511 0.016546
706 -72.9384 -42.2035 -66.2976 0 0.147453 -0.968818 0.199122 5.511 0.0134599
707 -72.9884 54.9023 4.93787 0 -0.402475 0.121638 0.907314 5.511 0.0200622
708 -143.791 -194.221 10.7887 0 0.00468108 -0.99342 -0.11443 5.511 0.0193594
709 73.2158 63.9666 49.1328 0 0.476316 0.784736 0.396626 5.511 0.0229861
710 115.304 -70.7346 -70.5659 0 -0.0745107 0.335962 0.938924 5.511 0.0196014
711 117.963 121.609 21.3092 0 -0.254107 0.963275 -0.0867795 5.511 0.0234947
712 134.47 -125.884 -46.5898 0 -0.207013 0.741204 0.638563 5.511 0.0233343
713 -33.9066 100.022 -70.4237 0 -0.959845 -0.161941 0.229069 5.511 0.0192726
714 4.08819 -89.8627 -76.6643 0 0.413454 -0.22135 -0.88321 5.511 0.0177596
715 53.4505 -42.628 -83.2958 0 0.359698 -0.154081 0.920259 5.511 0.019629
716 -16.1146 -168.228 -44.1432 0 0.13653 0.611508 0.77937 5.511 0.0246542
717 -80.1138 125.357 24.5053 0 0.0777061 -0.727604 -0.681583 5.511 0.0219487
718 -12.5461 -38.666 112.329 0 0.209763 0.672777 -0.709486 5.511 0.0195764
719 -26.1609 117.886 113.972 0 -0.962654 -0.234814 -0.134756 5.511 0.0234166
720 -110.665 164.994 97.7437 0 -0.401842 0.82133 0.404896 5.511 0.0198853
721 -83.5636 -133.88 51.6429 0 -0.133517 0.725577 0.675064 5.511 0.0214554
722 -8.09162 194.699 -20.9694 0 0.323648 -0.595342 0.735405 5.511 0.0205418
723 55.8513 -187.103 13.2158 0 0.665253 0.721425 0.192313 5.511 0.0182869
724 -126.601 -19.0701 64.8687 0 -0.0595412 -0.125535 0.990301 5.511 0.0217642
725 13.6273 -98.0373 -54.722 0 -0.608167 0.74656 -0.26978 5.511 0.016962
726 -57.4323 192.524 -12.6999 0 0.498533 0.689435 0.525493 5.511 0.0241181
727 13.3252 91.5404 30.6608 0 -0.103822 0.838391 0.53509 5.511 0.0221351
728 -37.4741 -104.992 29.36 0 -0.235316 0.70604 -0.667932 5.511 0.0170006
729 54.5942 30.4356 -12.6878 0 -0.836886 0.521466 -0.16642 5.511 0.0160894
730 -87.8678 -119.481 63.0625 0 -0.93829 0.066019 0.33949 5.511 0.022786
731 18.4623 186.829 -24.991 0 0.349109 -0.89925 -0.263578 5.511 0.0192182
732 -7.08663 -101.618 100.664 0 0.479709 -0.183152 0.8581 5.511 0.0189929
733 -110.131 -112.07 96.863 0 -0.454413 0.422145 0.784412 5.511 0.0127066
734 103.407 128.655 -93.7994 0 0.474702 0.469354 -0.744556 5.511 0.0208434
735 -59.4988 85.7368 5.20328 0 -0.703283 -0.183035 -0.686943 5.511 0.0153533
736 -3.75683 -126.043 -88.0209 0 0.985241 0.124017 -0.117985 5.511 0.0212849
737 88.0675 4.10334 -106.647 0 0.200548 0.357303 0.912203 5.511 0.0258106
738 110.886 28.4799 27.1099 0 -0.904205 0.272494 0.328879 5.511 0.0169274
739 -36.59 -156.269 -83.9224 0 0.23639 -0.963862 -0.122838 5.511 0.0196767
740 26.9983 170.078 28.8674 0 -0.407974 0.783757 -0.468277 5.511 0.0212511
741 -138.864 94.1084 42.4916 0 0.428665 -0.000529616 0.903463 5.511 0.0196126
742 -43.8501 37.4284 133.754 0 -0.322192 0.942694 -0.0867201 5.511 0.0235898
743 68.9743 146.2 63.0356 0 -0.504147 0.340815 0.793524 5.511 0.0095282
744 -0.186485 -68.4326 98.7425 0 -0.555269 -0.473577 -0.683667 5.511 0.0168171
745 -27.4585 -152.817 -24.7254 0 -0.829159 -0.556357 0.0544275 5.511 0.0177911
746 27.7383 -33.0035 25.3477 0 -0.0269704 0.222309 -0.974603 5.511 0.0203916
747 -29.7558 7.40878 -130.735 0 0.34449 -0.90745 -0.240544 5.511 0.0228102
748 139.074 50.5171 -19.7924 0 0.05508 0.758817 0.64897 5.511 0.0278748
749 123.25 -184.636 27.3312 0 -0.888714 0.370654 0.26982 5.511 0.0248972
750 -131.522 17.8218 56.7914 0 0.417512 -0.100245 -0.903125 5.511 0.0186205
751 108.922 94.7276 -87.4167 0 -0.799729 -0.238056 0.551147 5.511 0.0221809
752 -73.1988 79.2686 -35.2888 0 -0.683647 0.60781 -0.403973 5.511 0.0237599
753 -62.6974 64.5479 119.923 0 0.575029 -0.651865 0.494382 5.511 0.0205414
754 -64.2813 -74.0628 -84.3905 0 0.0973732 -0.583316 -0.806388 5.511 0.0194273
755 28.2357 192.896 -75.7755 0 0.437773 -0.899086 0.000466943 5.511 0.017632
756 -68.667 -2.90934 -80.2128 0 -0.107003 -0.973152 -0.203777 5.511 0.0184136
757 80.1838 -59.5742 -114.081 0 -0.857513 -0.469701 0.209888 5.511 0.0210414
758 115.815 37.7552 67.3528 0 -0.397227 -0.744044 0.537223 5.511 0.0206465
759 -64.8821 163.366 118.462 0 -0.0220995 0.487902 -0.872619 5.511 0.0184353
760 21.5021 -134.239 63.9983 0 -0.267745 0.395459 0.878592 5.511 0.0128168
761 -105.887 -119.623 -5.62528 0 0.788694 0.174832 0.589402 5.511 0.0130287
762 -97.0202 -91.1116 41.9854 0 -0.997546 0.0677191 0.0177538 5.511 0.0151164
763 -103.578 46.67 103.699 0 0.447964 -0.57147 0.687568 5.511 0.0154981
764 -51.5259 149.53 1.1766 0 -0.422704 0.578152 0.697898 5.511 0.0236413
765 59.5102 122.648 -119.577 0 0.0783242 -0.177684 0.980966 5.511 0.0189052
766 106.911 52.8154 -82.3058 0 0.427057 -0.90391 -0.0238703 5.511 0.0141189
767 21.4989 -157.292 138.034 0 -0.564416 -0.536973 0.626973 5.511 0.0183493
768 65.4852 123.039 5.86812 0 0.590683 -0.433062 0.680845 5.511 0.0189941
769 -52.3653 12.729 76.1263 0 -0.00695741 -0.824694 0.565536 5.511 0.022049
770 2.84788 -139.516 124.312 0 -0.546266 -0.619968 -0.563234 5.511 0.0210045
771 139.864 119.591 -7.47106 0 0.617489 -0.169276 -0.768149 5.511 0.0228727
772 -113.395 8.83119 91.225 0 0.817808 -0.558904 -0.137172 5.511 0.0237879
773 90.086 119.423 81.1418 0 0.676736 0.429694 -0.597823 5.511 0.0198955
774 69.0171 -178.628 96.5861 0 -0.813691 -0.579712 0.0429143 5.511 0.0156556
775 -32.8512 140.148 1.69047 0 -0.0581033 -0.0878665 0.994436 5.511 0.0748501
776 -48.761 173.246 133.357 0 0.683879 0.264376 -0.680011 5.511 0.0216265
777 -142.779 -171.769 40.8309 0 0.57633 0.186938 0.795549 5.511 0.021637
778 -129.266 -134.861 -27.1209 0 0.358612 0.625474 0.69295 5.511 0.0189791
779 8.11474 -189.491 49.1944 0 0.200331 0.967073 0.156964 5.511 0.0218916
780 71.3522 -17.2824 44.2123 0 0.0753838 0.266723 -0.96082 5.511 0.0215572
781 123.811 190.256 30.8631 0 -0.249993 -0.931281 -0.264989 5.511 0.0186496
782 121.601 -148.71 -52.2097 0 -0.155481 -0.895371 -0.417297 5.511 0.0173344
783 19.4906 146.425 -12.8777 0 0.304326 -0.873096 0.380906 5.511 0.0250857
784 -97.6021 77.7051 -16.6732 0 0.289819 0.839857 0.45896 5.511 0.0192087
785 99.4643 128.317 -46.9959 0 0.424949 0.808541 0.407037 5.511 0.018499
786 26.5279 -126.304 67.9698 0 -0.788129 0.615354 -0.013857 5.511 0.0185881
787 74.0841 -71.7519 105.578 0 0.637412 -0.10899 0.762776 5.511 0.0213349
788 -39.1936 168.27 -53.9948 0 0.455236 -0.272145 -0.84776 5.511 0.0204028
789 -65.5694 -169.712 -7.55038 0 0.217974 0.641384 -0.735605 5.511 0.0174118
790 129.469 114.224 45.9706 0 0.688394 0.542442 0.481529 5.511 0.0252744
791 -28.6051 115.107 22.3066 0 0.250599 -0.440996 0.861813 5.511 0.0218877
792 -85.5347 160.319 19.2808 0 -0.156943 -0.551864 0.819033 5.511 0.0145122
793 -77.3275 -39.2844 -11.5982 0 -0.334745 0.92976 -0.153272 5.511 0.0179682
794 -84.4987 12.5804 -38.9514 0 0.400184 -0.00237504 -0.916432 5.511 0.0209484
795 -11.0156 64.5719 -91.1635 0 0.139914 0.0815218 0.986802 5.511 0.0151536
796 70.6566 -38.6245 -92.8211 0 -0.562184 -0.821399 -0.0961931 5.511 0.0182488
797 135.256 -54.843 -48.3181 0 0.723798 0.150358 -0.673431 5.511 0.0197241
798 -109.959 106.394 7.13643 0 0.818652 0.0392153 0.572949 5.511 0.0222192
799 60.7775 116.742 5.05015 0 0.954171 0.255804 -0.155313 5.511 0.0218227
800 96.6226 22.8868 35.3947 0 0.838216 0.39139 -0.379746 5.511 0.0755126
801 26.938 10.0542 86.2134 0 -0.534823 -0.836683 -0.118004 5.511 0.0157949
802 -5.39984 101.064 -114.254 0 -0.82643 -0.50582 0.247305 5.511 0.0186461
803 130.027 -80.3728 -9.4172 0 0.662093 -0.123121 0.739239 5.511 0.0241677
804 3.14584 87.1599 81.9874 0 -0.293634 0.190834 0.936676 5.511 0.0223963
805 5.48433 133.785 102.877 0 -0.581917 0.0176991 -0.813056 5.511 0.0213611
806 -78.8318 -140.025 -124.551 0 0.332245 0.908003 -0.255231 5.511 0.0142798
807 -104.006 -16.8506 -10.635 0 0.937849 -0.312537 -0.150863 5.511 0.0189351
808 -15.4535 -84.6783 5.71107 0 -0.860389 -0.066285 -0.505309 5.511 0.0197241
809 131.049 -29.6055 0.336905 0 -0.878344 -0.215968 0.426461 5.511 0.0179479
810 -76.412 130.716 -70.2871 0 -0.947942 -0.075104 0.30946 5.511 0.0190895
811 111.667 134.502 86.3565 0 -0.239678 0.652367 -0.719007 5.511 0.0242044
812 -73.8749 -101.171 -100.735 0 0.480284 0.0958788 -0.871857 5.511 0.0205185
813 112.302 99.4358 64.0311 0 -0.344171 0.420548 -0.839456 5.511 0.0250991
814 -74.6594 65.3665 -51.9754 0 0.742538 0.504911 0.440117 5.511 0.0140979
815 20.4091 132.272 24.1121 0 -0.650197 0.75968 0.0114462 5.511 0.018594
816 -19.2936 -84.2591 -28.912 0 -0.0278729 -0.996387 0.0802295 5.511 0.021056
817 -101.508 21.9739 -43.7304 0 0.750308 -0.235246 -0.617817 5.511 0.0167927
818 46.052 -88.7915 118.119 0 0.268507 -0.91219 -0.309536 5.511 0.00511481
819 74.9167 -60.9804 60.313 0 -0.425282 -0.902633 0.0662556 5.511 0.0186471
820 112.937 114.645 -32.0311 0 -0.526819 0.829498 -0.185462 5.511 0.0179987
821 -23.3294 167.016 -89.73 0 -0.958289 -0.240868 0.153835 5.511 0.0160731
822 -9.97031 194.102 144.991 0 0.444117 -0.8364 -0.321239 5.511 0.021033
823 -94.0629 76.0293 90.8983 0 -0.600627 0.417333 -0.681968 5.511 0.0214509
824 123.871 -175.501 -36.9295 0 0.211597 0.175118 -0.961541 5.511 0.0228974
825 -93.4056 -56.0328 -94.6079 0 -0.848536 -0.350837 0.396106 5.511 0.0229268
826 86.6251 175.529 52.9907 0 -0.310364 0.948677 0.0607172 5.511 0.016544
827 -65.1518 -23.8319 31.5935 0 -0.0103063 -0.230217 0.973085 5.511 0.0187826
828 -71.8869 173.032 116.472 0 -0.247351 -0.721319 0.646928 5.511 0.017674
829 -57.4888 83.0874 -29.3525 0 0.892218 -0.287194 -0.348521 5.511 0.020126
830 -56.4173 -132.941 125.027 0 -0.437977 -0.765629 0.471155 5.511 0.0207368
831 31.5237 -25.4385 -92.7327 0 0.113005 -0.58498 -0.803137 5.511 0.0176871
832 -62.0999 133.195 -41.1597 0 -0.921122 0.263129 -0.286876 5.511 0.0215818
833 -63.3255 115.328 -9.51455 0 0.214121 -0.914598 0.343021 5.511 0.0200539
834 -49.4493 163.271 55.1289 0 0.086677 -0.762175 0.641542 5.511 0.0208505
835 -17.7126 -21.9151 21.3208 0 0.977747 -0.199871 0.0637444 5.511 0.0204712
836 -56.7861 -85.7301 -30.1681 0 -0.933356 0.301086 -0.195431 5.511 0.0206687
837 149.207 40.7956 3.32316 0 0.284743 0.747568 0.600053 5.511 0.0188529
838 -77.9916 170.844 71.5831 0 -0.219853 0.312929 -0.923981 5.511 0.0186836
839 -9.79124 -128.894 118.575 0 -0.562495 -0.330353 0.757936 5.511 0.0233429
840 -103.336 -35.5107 -60.2957 0 -0.00867042 0.513437 0.858083 5.511 0.0218706
841 60.1228 -117.594 -131.223 0 0.582511 -0.55914 -0.589951 5.511 0.0240781
842 11.3854 -86.8219 -128.796 0 0.249399 0.868075 -0.429239 5.511 0.0184061
843 -29.2291 7.3195 39.7187 0 0.347421 -0.434712 0.830857 5.511 0.0189885
844 -2.29284 -183.062 -68.365 0 0.224782 0.963224 0.147213 5.511 0.0143644
845 50.9461 -126.711 133.785 0 -0.321808 -0.676818 -0.662085 5.511 0.021453
846 -13.7582 18.8169 77.3638 0 0.303364 -0.848383 -0.433839 5.511 0.0186322
847 -52.9758 84.4919 -4.88853 0 -0.297997 0.943415 -0.145488 5.511 0.025077
848 93.3883 103.22 74.2979 0 -0.244392 0.68469 0.686638 5.511 0.0222096
849 -8.15043 -66.2066 -19.0908 0 0.48188 0.840431 0.247924 5.511 0.0225552
850 -99.303 110.431 57.5874 0 -0.983787 0.0400408 -0.174816 5.511 0.019115
851 -96.5183 1.14032 70.1038 0 0.927006 0.240611 -0.28769 5.511 0.0196019
852 -2.36751 -111.471 90.1801 0 -0.268331 0.638355 0.721458 5.511 0.0228869
853 -121.649 -155.99 -51.7183 0 -0.337107 -0.22785 -0.913479 5.511 0.0163357
854 -50.2495 88.6422 -23.3243 0 -0.444457 -0.894593 0.0464851 5.511 0.0175691
855 -21.2389 -103.339 -23.337 0 -0.332025 -0.417796 -0.845698 5.511 0.0209835
856 100.256 107.413 11.938 0 0.409286 -0.0829353 0.908629 5.511 0.0276426
857 -103.146 -55.7483 -53.7366 0 -0.292082 0.419585 -0.859439 5.511 0.0147794
858 -15.8914 102.152 97.3244 0 -0.422917 -0.871712 -0.247507 5.511 0.0174573
859 70.7124 100.866 -122.742 0 -0.915765 -0.397705 0.0566119 5.511 0.0153041
860 -48.9706 5.87705 -92.6664 0 0.633509 -0.579288 0.512925 5.511 0.0261655
861 -48.3618 14.172 -3.85401 0 -0.856782 -0.174243 0.485349 5.511 0.0103604
862 41.3825 4.78512 27.9893 0 0.313576 0.689752 0.652619 5.511 0.0175339
863 -118.052 -160.5 12.0865 0 0.651451 -0.732773 0.19661 5.511 0.0226725
864 31.4135 171.744 -130.666 0 0.0123541 -0.195709 0.980584 5.511 0.0122366
865 -5.68135 170.584 137.614 0 0.260874 0.0717757 -0.962701 5.511 0.0210895
866 92.1236 178.795 46.4654 0 -0.99435 -0.106153 0.000103831 5.511 0.0145639
867 -37.9697 28.6986 69.1593 0 -0.976014 -0.194035 -0.0987229 5.511 0.0204022
868 91.3878 11.2164 2.97991 0 -0.537539 0.0719826 0.840161 5.511 0.0215311
869 -118.603 -184.781 -63.1957 0 0.358174 -0.929248 0.0906004 5.511 0.0228858
870 61.2308 -46.3835 -40.3737 0 0.525004 -0.842242 0.122471 5.511 0.0223802
871 40.3598 80.4625 23.6076 0 0.41106 -0.784461 0.464383 5.511 0.0222526
872 81.0892 8.30802 29.8409 0 0.837283 -0.294657 -0.46058 5.511 0.0254582
873 -6.95969 103.273 -119.167 0 -0.758169 -0.582732 -0.292581 5.511 0.0176553
874 -149.065 -147.846 5.67774 0 -0.247101 -0.526174 0.813684 5.511 0.0218431
875 -122.058 143.943 30.0057 0 0.927904 0.168199 -0.332721 5.511 0.0223404
876 -36.419 -123.627 64.1549 0 -0.301863 0.932362 -0.198949 5.511 0.024007
877 -130.228 89.1952 -4.43838 0 0.105118 -0.433473 -0.895015 5.511 0.0241891
878 -50.7692 -75.6648 -107.145 0 -0.0852922 0.83437 0.544567 5.511 0.0203157
879 -33.564 -133.076 2.92798 0 -0.305354 0.268395 -0.913632 5.511 0.0187586
880 9.05009 154.268 -84.1545 0 0.74276 0.324648 -0.585586 5.511 0.0140183
881 -26.1764 -116.423 -106.112 0 -0.442824 -0.413418 -0.795609 5.511 0.0225392
882 15.5238 -50.2646 -61.0325 0 0.137992 0.96933 -0.203366 5.511 0.022526
883 -18.4207 -171.427 -70.8643 0 0.854905 -0.37332 -0.360236 5.511 0.0125202
884 -18.4103 -3.37239 -82.1159 0 0.656399 0.283777 -0.699008 5.511 0.0113836
885 37.135 -97.4162 -61.583 0 0.580568 -0.532891 -0.615603 5.511 0.0214799
886 24.4443 58.3818 132.753 0 0.938109 0.333331 -0.0940335 5.511 0.0200751
887 -75.6773 95.8151 78.9249 0 -0.3608 -0.876707 -0.318134 5.511 0.0212375
888 79.5322 -34.1871 -68.9357 0 0.680941 -0.000322087 0.732338 5.511 0.0203777
889 47.0488 -87.3647 -84.5893 0 0.184645 0.980705 -0.0642122 5.511 0.0170491
890 -29.5546 -180.549 34.4885 0 -0.126055 -0.310147 0.942294 5.511 0.0190574
891 -19.8887 129.035 1.85288 0 0.380182 -0.558788 -0.737033 5.511 0.0218283
892 -61.3043 123.086 53.0435 0 -0.416 0.649965 -0.635995 5.511 0.0156798
893 -81.8126 36.4253 -32.5716 0 -0.0649304 -0.803593 0.591627 5.511 0.0222727
894 68.3759 -166.337 113.222 0 0.680316 0.730977 0.0533241 5.511 0.0175709
895 -30.9833 -88.8554 70.7948 0 0.17971 -0.396463 0.90029 5.511 0.0227289
896 40.6556 -129.344 31.0176 0 0.0117952 0.205312 -0.978626 5.511 0.0183771
897 28.982 82.7586 8.44889 0 -0.431284 0.563618 0.704506 5.511 0.0133716
898 -33.3312 -24.507 15.2511 0 0.938275 -0.0261882 -0.344898 5.511 0.0237182
899 -63.5704 105.295 57.3485 0 0.653628 0.524837 -0.545268 5.511 0.0159147
900 137.918 -98.495 -47.3379 0 0.0558451 -0.463567 0.8843 5.511 0.0208758
901 -102.186 -1.06373 -50.1536 0 -0.199397 0.95767 -0.207627 5.511 0.0180317
902 121.595 -88.8022 -77.0145 0 0.222372 0.973423 0.0547656 5.511 0.0177553
903 -36.125 -38.9326 25.3232 0 0.300003 0.857052 0.418879 5.511 0.0168969
904 -18.6074 38.5716 -75.4602 0 -0.713011 0.349306 -0.607948 5.511 0.0139441
905 -81.7954 -74.8561 105.643 0 0.179206 0.936259 0.302167 5.511 0.0138303
906 -23.0886 141.3 -127.039 0 0.118018 0.798712 0.590027 5.511 0.023733
907 47.1053 163.37 13.2946 0 0.371157 0.810064 0.453915 5.511 0.0222158
908 -49.097 35.9714 105.707 0 0.530335 -0.492043 -0.69039 5.511 0.0239986
909 -45.7652 -181.458 119.223 0 0.551568 -0.61843 0.559747 5.511 0.0135273
910 139.187 9.57536 35.2341 0 0.943026 0.32862 0.0520713 5.511 0.0167261
911 -76.9405 115.606 85.0782 0 0.021033 0.783342 0.621235 5.511 0.019893
912 32.7209 151.79 -81.0865 0 0.431221 0.216565 -0.87587 5.511 0.00199992
913 -1.56203 -59.8913 93.1508 0 0.765913 -0.37275 -0.523866 5.511 0.0225942
914 -98.3947 -26.9862 91.5919 0 0.124129 0.97544 -0.181957 5.511 0.0241301
915 29.4185 -105.612 110.108 0 -0.0499382 -0.916959 0.395843 5.511 0.0118757
916 65.5872 -157.159 90.9767 0 -0.217105 -0.462371 0.859697 5.511 0.0179858
917 131.515 -66.7542 -50.1102 0 0.252351 -0.967613 0.00660729 5.511 0.025215
918 -110.13 160.512 37.5565 0 0.354161 -0.883234 0.307354 5.511 0.0217836
919 -57.1322 84.7104 -50.096 0 -0.704944 -0.308797 0.638513 5.511 0.025543
920 12.1733 113.587 -129.432 0 0.876363 -0.37113 0.307002 5.511 0.0195824
921 72.317 60.2766 69.2712 0 -0.21743 0.589093 -0.778263 5.511 0.019232
922 3.32181 -144.474 -93.7898 0 -0.560932 0.290731 -0.775132 5.511 0.0208464
923 -40.314 57.6373 -126.894 0 0.41501 -0.512471 0.751758 5.511 0.0182856
924 28.1503 -27.3035 57.3393 0 0.691404 0.29889 -0.657743 5.511 0.0235636
925 -97.4806 106.605 67.9817 0 0.797616 0.560295 -0.223334 5.511 0.0209212
926 92.9675 -132.775 -49.5921 0 0.615822 -0.694893 0.371331 5.511 0.0144873
927 -45.8503 -79.8314 -79.0997 0 -0.310295 -0.875012 0.371579 5.511 0.0180861
928 -104.885 -3.62956 68.5164 0 -0.0448093 0.572592 -0.818615 5.511 0.00218
929 50.829 -35.1886 -122.109 0 0.0974331 0.23092 -0.968082 5.511 0.01941
930 -57.7043 189.443 -121.884 0 0.763211 0.184558 -0.619231 5.511 0.0192355
931 42.1202 -79.5518 -68.3567 0 -0.18532 0.951866 -0.244145 5.511 0.0255886
932 -82.9012 -127.8 7.02888 0 0.548826 0.613411 0.567906 5.511 0.0213578
933 70.1498 -93.6652 -51.0219 0 0.868353 0.412501 0.275329 5.511 0.0145963
934 -32.0276 41.2592 78.6341 0 0.567357 -0.816931 -0.103584 5.511 0.0187972
935 -130.149 111.926 74.3677 0 0.341422 0.939575 -0.0251172 5.511 0.0188568
936 16.7591 -61.9075 -85.0068 0 0.831062 0.173539 -0.528412 5.511 0.0165229
937 -100.059 139.809 -55.4763 0 0.890847 0.453239 -0.0310903 5.511 0.0212022
938 -103.697 -139.827 -44.7497 0 0.374522 -0.434077 -0.819335 5.511 0.0226696
939 -29.9223 -20.1082 -112.101 0 0.11525 0.0325411 0.992803 5.511 0.0143387
940 -71.1457 -46.2402 -130.523 0 -0.87939 -0.149516 0.452015 5.511 0.0157919
941 -83.0491 -49.447 11.8615 0 0.495924 0.0603746 0.866264 5.511 0.0223778
942 -7.44826 -61.2574 -81.7483 0 0.777594 0.515755 -0.359646 5.511 0.0193787
943 -19.1705 -84.1853 138.585 0 -0.141063 0.155038 0.977785 5.511 0.0196082
944 -92.8723 136.231 111.349 0 -0.642317 0.723207 -0.253771 5.511 0.0159712
945 48.3155 -186.987 86.5792 0 0.728633 -0.255563 0.635437 5.511 0.0230012
946 72.2401 -170.421 -90.9092 0 -0.121046 0.879943 0.459399 5.511 0.0207607
947 -32.2064 10.2946 -10.8824 0 0.809585 0.322166 -0.490695 5.511 0.0172379
948 -74.5381 -20.2887 59.6135 0 -0.598179 -0.330313 0.73012 5.511 0.00991233
949 95.5485 93.7948 -44.3243 0 0.872577 -0.0748031 -0.482715 5.511 0.0187902
950 60.1311 -65.4292 109.307 0 0.097518 -0.736221 -0.669678 5.511 0.0171185
951 -67.5269 77.6847 -100.427 0 0.591536 0.680164 0.432968 5.511 0.00954529
952 60.308 190.058 -46.0127 0 -0.061968 0.186823 0.980437 5.511 0.0130524
953 -119.063 -185.049 -69.4783 0 -0.164228 -0.200494 0.965832 5.511 0.0191989
954 67.763 8.18475 88.9688 0 -0.219336 -0.565659 0.794935 5.511 0.0136894
955 -96.9542 173.488 69.5992 0 -0.580088 0.361389 0.729997 5.511 0.0130924
956 22.2311 -73.8244 -25.5428 0 -0.0662723 -0.416249 -0.906832 5.511 0.0153505
957 15.5651 -161.783 -6.68047 0 0.788457 -0.48985 0.371998 5.511 0.018979
958 94.2051 84.2443 104.128 0 -0.780122 -0.592722 -0.200226 5.511 0.0232963
959 9.98778 -160.707 -140.706 0 -0.319981 0.54536 -0.774723 5.511 0.0161102
960 59.6747 -76.9273 -111.174 0 -0.512892 0.854017 -0.0871627 5.511 0.0186311
961 99.9818 9.82154 -85.7153 0 -0.00532326 0.689553 -0.724216 5.511 0.0209662
962 -34.0471 -151.686 -9.64396 0 -0.0141941 0.962248 -0.271805 5.511 0.0447658
963 -17.9359 141.088 48.8378 0 0.923582 0.0980261 -0.370657 5.511 0.0216422
964 -56.9282 19.9187 -27.2915 0 0.93435 -0.125586 0.333494 5.511 0.0193106
965 121.112 41.7763 14.4918 0 -0.829193 -0.558897 0.00857329 5.511 0.0200009
966 -76.6775 -55.3042 110.21 0 -0.338622 0.63518 0.694176 5.511 0.0240521
967 66.117 54.4138 100.444 0 0.196835 0.975165 -0.101536 5.511 0.0158222
968 25.116 -172.77 29.5045 0 -0.0582733 -0.610636 -0.789764 5.511 0.0255088
969 -36.4286 183.759 -95.1127 0 -0.0128682 0.831462 -0.555433 5.511 0.0240272
970 33.3141 170.917 14.7467 0 -0.908432 -0.131792 0.396714 5.511 0.0189473
971 -42.6568 10.386 85.0744 0 -0.476625 -0.141115 -0.867707 5.511 0.0210313
972 29.425 -58.936 -70.2439 0 -0.553178 -0.549419 0.626205 5.511 0.0177667
973 132.762 169.908 -6.6249 0 -0.618412 0.766865 0.171711 5.511 0.0183973
974 -32.3869 -49.0291 30.7623 0 -0.983558 0.161219 -0.0813706 5.511 0.0195896
975 -77.1729 -54.1685 102.303 0 0.949029 -0.0372986 -0.312973 5.511 0.010204
976 54.3074 3.43793 -113.068 0 0.185541 -0.947603 0.260044 5.511 0.00919316
977 -101.836 -150.335 -86.4908 0 -0.755787 0.524603 -0.391891 5.511 0.0216311
978 -117.854 -57.4439 65.7199 0 -0.542491 -0.594793 -0.593233 5.511 0.0168991
979 -89.7842 -35.7925 9.0496 0 -0.108067 -0.0592761 -0.992375 5.511 0.0221028
980 -130.076 181.534 -46.2716 0 0.201838 0.22981 0.952076 5.511 0.0185019
981 -51.1776 -182.815 138.628 0 -0.626086 0.0786582 -0.775777 5.511 0.0234334
982 -37.1885 -67.7051 90.5498 0 0.0230836 -0.743615 -0.668209 5.511 0.01997
983 -63.9005 7.56204 -124.711 0 0.536869 -0.234698 0.810363 5.511 0.0210265
984 -21.28 148.825 -77.5766 0 -0.283418 -0.00773448 0.958965 5.511 0.0101559
985 47.687 163.974 63.7736 0 -0.395642 -0.880389 0.2615 5.511 0.0170354
986 12.15 -169.693 49.7285 0 0.495446 0.77445 0.393396 5.511 0.0191299
987 -22.9431 -16.8876 129.166 0 -0.0192333 0.709598 0.704345 5.511 0.0207994
988 -93.87 56.7639 -59.9407 0 -0.589269 -0.372598 0.716891 5.511 0.107794
989 54.7811 -119.986 -13.119 0 -0.753313 0.341352 0.562137 5.511 0.0214892
990 12.2956 -34.3331 121.969 0 -0.478647 -0.54813 0.685894 5.511 0.0235289
991 -34.6715 -74.7394 66.3243 0 0.147883 -0.889246 0.432866 5.511 0.0229852
992 -81.9329 -3.60755 104.512 0 -0.303274 0.47589 0.825562 5.511 0.0166626
993 -102.427 3.57487 38.5003 0 0.950122 0.089352 -0.298804 5.511 0.0176101
994 -82.4035 4.43757 0.426764 0 -0.267446 0.81243 0.518102 5.511 0.0190362
995 129.385 -170.514 -7.05276 0 0.249134 0.901314 0.354353 5.511 0.021938
996 62.9441 -102.179 122.341 0 -0.667677 -0.459176 -0.585974 5.511 0.0233685
997 -49.1959 60.0861 -52.8549 0 0.215396 0.948989 -0.230271 5.511 0.0193899
998 -100.472 99.1472 -43.7801 0 -0.693773 -0.0144592 0.720049 5.511 0.0195378
999 22.0744 184.431 48.7352 0 0.0824984 0.140545 -0.986631 5.511 0.0190354
