eventNumber true_vertex_X true_vertex_Y true_vertex_Z true_t0 true_dir_X true_dir_Y true_dir_Z true_energy true_track_length
0 -146.755 -101.777 7.44829 0 0.236121 -0.740699 -0.628977 3.011 0.0102353
1 18.8129 159.565 143.024 0 0.441383 0.760826 -0.475736 3.011 0.00960688
2 28.9235 -20.5396 12.0006 0 0.48717 0.399186 -0.776734 3.011 0.00971632
3 -107.314 -145.035 75.9077 0 0.221643 0.264682 -0.938519 3.011 0.00870187
4 139.344 77.7782 -27.1901 0 -0.337349 0.837443 0.429982 3.011 0.0103782
5 113.926 177.548 -29.3238 0 -0.619911 0.162824 0.767593 3.011 0.00759213
6 51.5818 -94.7693 1.99877 0 0.879363 0.470658 -0.0721232 3.011 0.0104915
7 -126.489 173.142 -56.3911 0 -0.192279 0.350933 -0.916447 3.011 0.00844404
8 -105.503 -116.82 32.3957 0 0.897251 0.440229 -0.0337533 3.011 0.00755364
9 110.613 8.15811 -97.7701 0 0.59476 0.147376 0.790279 3.011 0.00963785
10 -20.9078 -101.889 104.837 0 0.128673 0.981198 0.143857 3.011 0.0108668
11 -24.6646 -5.83143 -65.2411 0 -0.247639 0.674612 -0.695395 3.011 0.0106792
12 -22.3918 37.887 -29.1704 0 0.118263 0.5321 0.838382 3.011 0.0104492
13 -22.532 85.7466 92.1929 0 -0.467927 0.802158 -0.370927 3.011 0.00908073
14 1.46749 -160.291 -101.084 0 0.279482 0.615624 -0.736815 3.011 0.00580282
15 35.09 12.5615 -95.2901 0 -0.500953 0.386237 -0.774511 3.011 0.00798817
16 -31.4563 -0.997483 27.6874 0 -0.886642 -0.460397 0.0435983 3.011 0.00938139
17 -45.8556 -6.70294 80.8775 0 0.7596 -0.644378 -0.0882318 3.011 0.00700657
18 -43.522 44.363 48.397 0 -0.00910733 0.938933 -0.34398 3.011 0.00835803
19 88.7223 -22.6484 8.70284 0 -0.0339733 0.936145 -0.349968 3.011 0.00898612
20 -126.995 -179.235 38.1359 0 0.875266 -0.378621 -0.300923 3.011 0.0109573
21 -144.649 -65.9758 -18.9076 0 -0.379389 0.902934 0.201925 3.011 0.00889355
22 -89.2568 133.664 -51.832 0 -0.744658 0.386249 -0.544331 3.011 0.00782932
23 35.1049 99.3041 -133.287 0 0.589638 -0.0839286 -0.803295 3.011 0.00902906
24 -48.3022 52.4551 -70.9386 0 0.668789 -0.465608 -0.579595 3.011 0.00911725
25 -112.062 -96.7848 11.1194 0 -0.515518 0.824873 -0.232001 3.011 0.00607922
26 138.735 164.921 47.6866 0 0.758648 -0.509469 -0.406071 3.011 0.0113782
27 88.4768 -1.96783 49.4837 0 -0.718659 -0.26509 0.642851 3.011 0.00817184
28 52.7834 -83.5799 85.2442 0 0.882237 0.0474027 0.468412 3.011 0.00708855
29 -13.1928 -132.26 86.1353 0 0.156036 0.394451 0.905573 3.011 0.0125634
30 58.4727 171.23 -49.131 0 -0.183288 -0.903212 0.388089 3.011 0.00955524
31 -108.179 18.8371 78.3147 0 0.488372 0.700627 -0.520207 3.011 0.0107575
32 -20.3186 -143.355 -74.1944 0 0.0580113 0.819633 -0.569945 3.011 0.00895774
33 26.8245 -124.598 -71.6157 0 0.80041 0.368932 -0.472476 3.011 0.00835185
34 44.3159 -102.948 115.494 0 0.614437 -0.501908 0.608733 3.011 0.00876438
35 -26.0707 -143.702 46.3599 0 0.518199 0.700832 0.490209 3.011 0.00890542
36 69.1193 -132.18 -63.4144 0 0.070487 -0.704339 -0.706355 3.011 0.00932288
37 30.4317 -8.20836 -134.064 0 -0.443504 0.888057 -0.121076 3.011 0.0107145
38 46.8306 -40.9766 82.7685 0 -0.444631 0.0645203 0.893387 3.011 0.00587824
39 60.8436 -28.7827 73.0795 0 0.0512724 -0.90139 0.429962 3.011 0.0104093
40 36.6406 120.278 -46.45 0 -0.011299 0.987402 0.157831 3.011 0.0101332
41 -46.6523 138.46 -23.1349 0 -0.795067 -0.306207 0.523551 3.011 0.00749992
42 -26.9845 38.1678 -96.54 0 -0.828547 0.0949276 0.551813 3.011 0.00903083
43 41.1917 -135.851 143.092 0 -0.351846 0.199246 -0.914606 3.011 0.00799844
44 -94.7978 -168.959 28.9663 0 0.69683 0.684386 -0.214579 3.011 0.0108589
45 -16.3618 102.998 -14.7081 0 0.671092 -0.700224 0.243563 3.011 0.0107722
46 -114.248 19.8949 -29.7065 0 -0.043827 0.365864 0.929636 3.011 0.0021195
47 -108.302 -72.0296 -31.3384 0 0.290244 -0.611685 -0.735934 3.011 0.00994952
48 112.922 2.35389 -79.4709 0 0.563403 0.758172 -0.328256 3.011 0.0108645
49 28.8723 -116.234 143.176 0 -0.424785 0.500228 0.75454 3.011 0.0105634
50 60.1324 -125.556 112.564 0 0.230862 -0.873506 -0.428591 3.011 0.00192976
51 80.1763 34.2954 13.6027 0 -0.222408 0.130534 -0.966176 3.011 0.00490245
52 55.2046 -41.2462 101.331 0 0.460223 -0.491951 -0.739039 3.011 0.0102322
53 -17.6356 -69.7356 -111.743 0 0.529347 0.149181 0.835186 3.011 0.00840956
54 -99.8118 160.211 -79.317 0 -0.658766 -0.585618 0.472312 3.011 0.00630627
55 -56.9984 -5.79605 77.504 0 -0.0522839 0.514278 0.856028 3.011 0.000956706
56 -107.989 116.504 11.2892 0 0.867144 0.343745 0.360417 3.011 0.00979208
57 -58.137 103.197 -76.8997 0 0.382066 0.893798 0.234841 3.011 0.00974147
58 -11.3844 -128.281 82.5306 0 0.0127764 -0.894272 0.447342 3.011 0.0088313
59 -42.558 -67.287 51.3682 0 -0.178981 0.242013 0.953622 3.011 0.0102735
60 -26.9184 47.9261 -146.496 0 -0.842362 -0.535264 0.0626082 3.011 0.00985703
61 -47.8608 -32.0833 73.2381 0 -0.140055 0.967707 -0.209591 3.011 0.00959474
62 22.4226 -174.589 94.2019 0 -0.478707 0.858639 -0.183244 3.011 0.00967911
63 47.9504 -115.751 93.7565 0 -0.2107 0.912184 0.351463 3.011 0.00796809
64 -121.119 93.5889 -67.1212 0 0.837034 0.271217 0.475201 3.011 0.00643887
65 -101.56 -113.031 -67.4645 0 0.420688 -0.594569 0.685208 3.011 0.00581712
66 90.4743 -187.792 32.8735 0 0.769906 0.557435 -0.310661 3.011 0.010803
67 -94.1405 -120.673 -83.8317 0 0.116017 0.676527 -0.727222 3.011 0.00529328
68 -88.2756 153.265 20.835 0 -0.19725 -0.557974 0.806076 3.011 0.00490869
69 83.0393 137.725 -16.1613 0 0.924692 -0.34125 0.168799 3.011 0.0277316
70 -30.4746 184.454 88.8664 0 0.771045 0.54976 -0.321329 3.011 0.0104497
71 -147.054 27.1466 16.9728 0 -0.875277 -0.123047 -0.467707 3.011 0.00696607
72 -69.9752 -16.3301 35.8095 0 -0.0177501 -0.307073 0.95152 3.011 0.00736493
73 -49.0627 164.208 50.3236 0 -0.866376 0.0660365 -0.495007 3.011 0.00986791
74 81.1928 88.4897 72.6582 0 -0.916916 0.380464 -0.120465 3.011 0.0120085
75 -124.182 -34.1296 82.6451 0 -0.0929652 0.593731 0.799276 3.011 0.00934111
76 32.6099 -6.96896 91.5537 0 0.919665 0.350579 0.176945 3.011 0.00720513
77 52.7838 107.53 -53.0871 0 -0.114633 -0.40888 0.90536 3.011 0.00830682
78 -104.167 -156.854 -5.41575 0 0.0766054 0.7287 0.680535 3.011 0.00789522
79 61.7881 34.3445 -84.2809 0 0.411672 -0.0853548 -0.907326 3.011 0.0116167
80 104.807 -35.1036 41.0286 0 -0.938672 0.26657 -0.218711 3.011 0.0104253
81 30.7745 -74.8544 -46.7404 0 -0.839672 -0.0760806 0.537738 3.011 0.0092937
82 -15.7719 -184.805 35.643 0 -0.733938 0.146848 0.663152 3.011 0.0105265
83 -55.9308 60.088 -137.228 0 0.335951 -0.743385 -0.578374 3.011 0.00791584
84 122.59 112.295 -48.6502 0 0.520844 0.799562 -0.299037 3.011 0.0104067
85 -16.525 3.18297 73.4072 0 0.425607 0.522725 -0.738659 3.011 0.00733402
86 46.5892 -88.4406 -37.4 0 -0.45928 0.866656 -0.194857 3.011 0.00783869
87 -124.54 80.7268 43.7075 0 0.848929 -0.45068 0.276056 3.011 0.00776317
88 -104.2 33.0221 11.5395 0 -0.477767 -0.495493 -0.725414 3.011 0.0101958
89 -67.2883 23.3063 112.339 0 0.639052 0.763348 0.0944064 3.011 0.00980381
90 5.00784 -87.8449 -16.2195 0 -0.374347 -0.0933975 0.922573 3.011 0.010862
91 -22.4041 -85.3748 92.6487 0 0.648832 -0.326979 0.687097 3.011 0.00990292
92 8.98376 -178.203 11.4567 0 0.589919 0.275191 0.759122 3.011 0.011546
93 47.5027 -5.72271 58.8006 0 0.412339 -0.903288 0.11852 3.011 0.00931345
94 -137.737 -189.538 -30.739 0 -0.271012 0.202113 -0.941118 3.011 0.00981103
95 -67.7975 142.551 -70.8764 0 0.0017409 0.0310599 -0.999516 3.011 0.00573601
96 -54.0599 -52.1346 107.904 0 -0.0596227 -0.992915 0.102788 3.011 0.00855227
97 27.5136 88.1026 130.738 0 -0.348256 -0.671219 -0.654357 3.011 0.00985064
98 -6.97179 131.841 -95.7565 0 -0.84326 -0.533018 0.0693147 3.011 0.00941837
99 41.7361 172.125 -102.455 0 0.506869 -0.583662 0.634368 3.011 0.00819127
100 28.9769 166.232 38.6245 0 -0.456653 -0.887864 0.056265 3.011 0.00942066
101 51.44 -188.475 -54.9901 0 0.201995 -0.8232 0.530602 3.011 0.00759067
102 -21.4577 49.6215 -125.006 0 -0.917746 0.261796 0.29867 3.011 0.00835778
103 72.3554 192.563 -30.8448 0 -0.00602983 0.977862 -0.209163 3.011 0.00770824
104 -22.302 -30.8396 23.5154 0 0.822698 0.170746 -0.54223 3.011 0.00980732
105 78.4341 -167.974 -72.7222 0 0.450581 0.802386 0.391349 3.011 0.00775301
106 134.492 -150.718 2.70699 0 0.892935 0.324351 0.312193 3.011 0.00424937
107 -116.885 98.3767 25.9134 0 -0.606336 0.0524268 0.793479 3.011 0.00969792
108 -144.095 186.971 38.8933 0 -0.588739 0.790142 0.170476 3.011 0.00899721
109 110.32 89.7278 84.4559 0 0.382091 -0.567109 0.729653 3.011 0.00531407
110 14.6672 -70.7757 87.7606 0 -0.094933 0.920894 0.378078 3.011 0.00382471
111 148.359 99.9508 -11.6843 0 -0.354858 -0.826924 0.436203 3.011 0.00929705
112 131.469 16.3804 -64.6723 0 -0.480937 0.609268 0.63047 3.011 0.0101927
113 10.0011 154.525 118.919 0 -0.475343 0.0734888 -0.876726 3.011 0.00883234
114 -35.814 -176.496 144.233 0 0.481758 -0.848937 0.217291 3.011 0.00605901
115 -31.4074 -133.738 30.7898 0 0.754361 -0.113804 0.64652 3.011 0.0107876
116 -74.1654 -186.816 -123.028 0 -0.737058 -0.315313 0.597765 3.011 0.00609258
117 43.5241 -108.235 141.792 0 -0.771384 0.619387 -0.146036 3.011 0.00860748
118 -71.3274 173.991 90.911 0 -0.139516 -0.930472 0.338758 3.011 0.00707205
119 -1.9914 115.125 6.76325 0 -0.023426 0.941437 0.336375 3.011 0.00956989
120 64.1699 37.5817 -31.1776 0 -0.328418 0.860226 0.390068 3.011 0.0094001
121 -81.6437 -129.579 115.415 0 0.35281 0.576354 0.737117 3.011 0.0054753
122 -128.993 165.267 -27.8447 0 -0.45134 0.884393 -0.118912 3.011 0.00626541
123 119.724 -22.6225 -84.6398 0 0.904447 0.41349 -0.104889 3.011 0.00666015
124 75.7963 -126.26 41.3133 0 -0.31314 0.489546 0.81381 3.011 0.0110636
125 43.8306 165.445 100.892 0 0.561893 0.78487 -0.261258 3.011 0.00943072
126 -134.11 -97.7703 -47.1322 0 0.765054 -0.438635 -0.471478 3.011 0.00947825
127 7.24443 -110.099 30.5905 0 0.94184 -0.0602808 0.33061 3.011 0.0111184
128 55.3627 135 93.56 0 -0.85091 0.316483 0.419274 3.011 0.00975974
129 27.6402 170.841 -122.121 0 -0.742442 -0.309394 0.594184 3.011 0.00989673
130 120.802 -118.482 -80.5657 0 0.807272 -0.20457 -0.553592 3.011 0.00949805
131 -87.9469 12.6346 -63.295 0 -0.343755 0.582451 -0.736603 3.011 0.0275947
132 98.6069 -93.9927 -39.824 0 0.45564 0.33744 0.823727 3.011 0.0075936
133 63.6075 -9.07633 38.9347 0 0.288239 -0.597426 -0.748332 3.011 0.00915632
134 -27.8512 1.59986 -130.24 0 -0.227889 0.571702 0.788177 3.011 0.00985836
135 38.7764 90.7131 66.3287 0 -0.922436 -0.254319 0.290574 3.011 0.00644404
136 81.04 91.7435 105.878 0 -0.933083 0.341345 -0.113316 3.011 0.00789221
137 -59.0546 -62.8037 94.5228 0 0.907252 -0.364214 0.210337 3.011 0.108075
138 -98.721 -153.359 -59.7118 0 0.414482 -0.759084 0.501991 3.011 0.00883655
139 123.088 63.6553 28.4626 0 0.884813 -0.153648 -0.439883 3.011 0.00733875
140 112.89 -169.982 -36.1861 0 -0.226271 -0.972774 -0.0501219 3.011 0.0107988
141 -108.889 -33.1999 39.3478 0 -0.991477 0.112769 0.0652356 3.011 0.00948243
142 45.6566 50.2714 112.418 0 0.53777 0.767141 -0.349711 3.011 0.00787555
143 -5.37209 -136.469 45.0622 0 0.967489 0.0987101 0.232856 3.011 0.00533345
144 -129.851 163.61 27.1729 0 0.612714 0.50361 -0.609064 3.011 0.00749851
145 8.14898 77.3069 -50.0498 0 -0.0347269 0.671522 0.740171 3.011 0.00938849
146 -146.194 145.892 -1.44079 0 -0.273048 0.324109 -0.905758 3.011 0.0100349
147 -68.5935 66.3759 -40.8342 0 0.630585 -0.357027 0.689126 3.011 0.00893279
148 -144.546 -21.196 28.3703 0 0.82644 0.0214237 -0.562617 3.011 0.0115434
149 -56.5919 192.439 -24.5792 0 0.982454 -0.159397 0.0968349 3.011 0.00988443
150 42.8957 155.777 109.438 0 -0.453865 -0.59669 -0.661792 3.011 0.00065967
151 -74.4159 -12.5066 -118.937 0 -0.0836994 0.200165 -0.976181 3.011 0.00978256
152 -102.373 48.2092 90.9739 0 0.245038 0.462499 0.852086 3.011 0.00897324
153 -53.9312 88.2483 107.248 0 0.924936 0.203956 0.320774 3.011 0.0103912
154 83.3268 -78.2136 -108.813 0 -0.622949 -0.643854 -0.444282 3.011 0.00833343
155 -129.582 50.1741 23.022 0 0.523365 -0.648732 -0.552481 3.011 0.00986008
156 14.6374 -144.305 4.8687 0 -0.138157 -0.798285 -0.58622 3.011 0.00854266
157 77.7352 5.79569 -2.52931 0 -0.414324 0.0516002 0.908665 3.011 0.00855255
158 -74.99 167.991 38.6074 0 -0.840043 -0.284378 0.462014 3.011 0.0103141
159 -39.2872 124.636 10.6359 0 0.905816 0.345207 0.245622 3.011 0.00865309
160 -25.8279 114.732 68.9317 0 -0.95823 -0.220304 0.182377 3.011 0.00516505
161 30.1334 75.3183 115.293 0 -0.0270018 -0.55957 -0.828343 3.011 0.00874306
162 71.5078 189.561 4.33544 0 -0.809586 0.402152 -0.427603 3.011 0.00903353
163 -33.7074 104.668 0.000265503 0 0.457677 -0.885288 -0.0824474 3.011 0.0113981
164 69.6982 -33.2023 -67.1253 0 -0.926218 -0.171696 -0.335619 3.011 0.00896879
165 -3.55142 -23.7769 61.7484 0 0.80499 -0.428061 -0.410798 3.011 0.00871036
166 -10.1843 72.5491 -113.346 0 -0.686572 -0.673165 -0.274712 3.011 0.00350545
167 15.9573 32.2317 70.8064 0 0.746475 -0.464473 -0.476487 3.011 0.00876302
168 41.2768 -99.1252 61.9208 0 0.666058 -0.682634 0.300629 3.011 0.00947981
169 -4.76214 37.8511 94.6573 0 -0.268201 -0.476125 0.83748 3.011 0.008257
170 -95.0142 -82.9165 64.3095 0 0.711209 0.00381474 0.70297 3.011 0.0109215
171 -92.1703 134.043 -85.5596 0 0.838592 -0.537885 -0.0862721 3.011 0.00618364
172 -110.899 23.7804 99.5476 0 -0.668642 0.723141 0.173162 3.011 0.00983252
173 122.792 -45.024 79.382 0 0.756046 0.387578 0.527426 3.011 0.00985994
174 61.6115 162.696 11.2749 0 0.970461 -0.179286 -0.161434 3.011 0.00923605
175 -64.6003 -148.977 -65.2611 0 -0.823068 -0.556849 -0.111704 3.011 0.00838253
176 -107.496 48.3728 -18.995 0 0.549746 -0.82963 0.0974344 3.011 0.0106309
177 -104.741 47.9608 -106.464 0 0.722347 0.155344 0.673856 3.011 0.0103114
178 38.846 -166.371 -96.0379 0 -0.572124 0.704252 -0.420361 3.011 0.00372593
179 -47.6297 123.334 -136.158 0 -0.236623 -0.925032 -0.297195 3.011 0.0087685
180 6.04484 170.509 50.3794 0 -0.155293 -0.185882 -0.970223 3.011 0.00775831
181 -105.084 -153.132 30.5553 0 0.255313 -0.910678 -0.32478 3.011 0.00781635
182 3.65401 72.4518 74.7643 0 0.783869 -0.598729 0.164538 3.011 0.00572963
183 -107.08 50.0441 -49.2481 0 -0.659543 -0.579064 -0.479257 3.011 0.00438237
184 -61.5143 160.093 -116.068 0 -0.225168 0.351418 -0.908738 3.011 0.00821383
185 27.7818 32.787 -91.8557 0 -0.332884 0.183715 -0.924899 3.011 0.00721036
186 -108.293 110.165 17.1047 0 0.958399 -0.284768 0.0194658 3.011 0.00923001
187 -2.72203 -43.044 -110.591 0 -0.76351 0.319992 0.560943 3.011 0.00740304
188 -88.8717 105.749 -37.6377 0 -0.420244 -0.611588 -0.67034 3.011 0.010871
189 80.6565 -37.623 74.2771 0 -0.441531 0.738158 0.510072 3.011 0.00911262
190 -79.5862 95.6264 -99.3485 0 0.923769 0.299366 -0.238813 3.011 0.00970276
191 109.653 59.7368 24.7659 0 -0.629712 0.605821 0.486255 3.011 0.100271
192 35.5624 -117.205 -94.8076 0 0.715328 -0.293976 0.633943 3.011 0.0117201
193 57.6418 -71.5253 -116.692 0 0.0376939 -0.980774 -0.191471 3.011 0.0101248
194 55.4285 -157.399 -38.3122 0 0.0037098 -0.221101 0.975244 3.011 0.0100312
195 -67.0552 171.977 -111.675 0 -0.259177 -0.777719 0.572696 3.011 0.0078689
196 -21.4128 -71.7196 -52.4694 0 0.744627 -0.540615 0.391491 3.011 0.00780985
197 -12.2792 187.767 -103.64 0 -0.344032 -0.880889 0.325079 3.011 0.0076402
198 -74.8503 75.2631 0.804022 0 -0.784999 0.312407 0.534956 3.011 0.0096552
199 -52.9223 -84.6241 -5.50221 0 -0.334567 -0.891478 0.305501 3.011 0.00913549
200 -47.8593 -169.883 95.5407 0 0.306338 0.113093 0.945181 3.011 0.0103897
201 -135.632 -153.842 46.198 0 0.0325009 0.132133 0.990699 3.011 0.00919495
202 65.3072 65.3633 23.5085 0 -0.147808 -0.967738 0.204049 3.011 0.00853969
203 -50.5249 -153.07 -8.94729 0 0.129677 0.928409 0.348196 3.011 0.0096556
204 100.908 -132.688 -8.3901 0 0.470802 -0.845266 -0.252725 3.011 0.00940208
205 82.8089 153.645 -50.7941 0 -0.202189 -0.893407 0.401177 3.011 0.00847291
206 -9.46045 -7.89087 -13.6446 0 -0.169567 -0.641488 0.748158 3.011 0.00945064
207 141.143 -5.40647 -7.9152 0 -0.685775 -0.300344 -0.662953 3.011 0.00873606
208 38.4398 -154.773 -36.2582 0 -0.982981 -0.0854541 0.162621 3.011 0.00930638
209 -66.6715 -88.3801 55.8861 0 -0.403119 -0.377427 -0.833693 3.011 0.00927341
210 69.9231 -68.5168 -58.8313 0 -0.672811 0.540167 0.505515 3.011 0.00845327
211 -69.8075 103.656 -37.9803 0 -0.6901 0.625628 0.363803 3.011 0.00782922
212 -125.74 174.58 80.4396 0 0.206873 0.568282 0.796404 3.011 0.00897859
213 -35.7779 -106.829 69.7313 0 0.243404 0.807096 0.537912 3.011 0.00994904
214 100.471 5.35125 -55.3512 0 -0.683978 0.7007 -0.202961 3.011 0.0108665
215 -67.7161 26.4748 -88.3594 0 0.205298 0.937549 -0.280812 3.011 0.00917001
216 65.1567 -59.9709 -65.0316 0 0.814695 0.406166 0.413885 3.011 0.00608555
217 -99.6998 181.908 102.02 0 0.86471 -0.0435859 0.500376 3.011 0.00814137
218 -28.9134 167.316 30.3021 0 0.987914 -0.00589313 0.154889 3.011 0.0109993
219 -91.687 -27.2507 -29.529 0 -0.779698 0.247751 0.575058 3.011 0.00918073
220 -141.414 -106.325 16.1465 0 -0.710476 0.479196 -0.515359 3.011 0.00947078
221 -70.823 -52.5195 -110.776 0 -0.832779 -0.550121 0.0620184 3.011 0.0110507
222 97.7307 -133.412 -21.6517 0 0.614129 -0.712093 -0.340248 3.011 0.00912891
223 -39.0028 -118.702 136.139 0 -0.835651 0.462309 0.296578 3.011 0.0115508
224 85.2947 43.3509 -67.1348 0 -0.0734421 -0.385438 -0.919807 3.011 0.00581151
225 -111.199 -177.703 68.0723 0 0.77554 0.492319 0.39517 3.011 0.00600467
226 49.0823 -117.515 86.6101 0 0.646805 -0.698523 0.30612 3.011 0.00970418
227 -31.8887 -138.05 -135.091 0 -0.805833 0.585424 0.088944 3.011 0.010669
228 34.9991 -166.992 -131.88 0 0.220692 -0.234342 0.946773 3.011 0.0102707
229 117.967 -184.902 -62.0117 0 0.999173 0.0194708 -0.0357085 3.011 0.0104635
230 -21.523 -67.4315 -49.9194 0 -0.48914 -0.781612 -0.387072 3.011 0.0107153
231 -141.977 -111.548 36.8939 0 -0.68472 -0.0369369 0.72787 3.011 0.011835
232 -99.8216 92.1961 -83.8158 0 -0.167011 -0.690908 -0.703387 3.011 0.00932388
233 76.436 163.04 -106.769 0 0.103288 0.600481 -0.79294 3.011 0.00922737
234 100.705 -23.8881 73.1292 0 0.785797 -0.396186 -0.474931 3.011 0.0100181
235 -117.88 -82.0523 81.9315 0 -0.216336 -0.921583 0.32231 3.011 0.00840314
236 20.6682 -191.373 81.9144 0 0.314362 0.711558 0.62838 3.011 0.0109789
237 39.8458 20.9574 134.503 0 0.0840984 -0.236762 0.967921 3.011 0.00770182
238 122.717 -170.698 -21.5464 0 0.498409 -0.156884 -0.852629 3.011 0.0109063
239 10.1616 -67.9249 -103.29 0 0.598434 -0.284426 0.748985 3.011 0.00781982
240 1.24034 143.329 -100.931 0 -0.0827869 -0.534885 -0.84086 3.011 0.00493601
241 91.208 -113.032 64.1723 0 0.691906 0.720493 0.046437 3.011 0.00681325
242 72.7225 127.225 -118.718 0 0.765371 -0.0889198 0.637417 3.011 0.0107032
243 -27.7715 -185.031 71.9003 0 -0.041921 0.976679 0.210573 3.011 0.00840282
244 -8.80049 -38.0264 -134.601 0 0.0380972 0.96223 -0.269559 3.011 0.00997502
245 -138.88 -183.658 9.96004 0 -0.0718146 0.128759 -0.989072 3.011 0.00890201
246 -128.945 15.0383 -43.4843 0 0.847574 0.0244499 -0.530113 3.011 0.00784949
247 -106.935 60.2115 82.6355 0 0.363631 -0.0360099 0.930847 3.011 0.0113589
248 132.446 125.003 -3.58366 0 0.698376 -0.472582 -0.537529 3.011 0.0059577
249 -5.10662 -164.223 -130.812 0 0.703306 0.615544 -0.355622 3.011 0.000777413
250 146.113 169.712 5.80126 0 0.605832 0.652615 0.45504 3.011 0.0082082
251 -49.5424 68.046 -18.0644 0 0.33993 -0.145773 0.929084 3.011 0.0114904
252 -120.543 162.815 -86.5373 0 0.812474 0.299781 0.500018 3.011 0.00934799
253 16.0353 -131.022 6.75767 0 -0.197686 0.000625967 -0.980265 3.011 0.00990034
254 98.9123 49.9938 85.1066 0 0.845665 0.444454 -0.295486 3.011 0.0080516
255 32.8636 -127.769 73.5249 0 -0.861593 0.15083 -0.484672 3.011 0.00986552
256 110.938 -108.351 -25.7452 0 -0.558048 0.215617 -0.801306 3.011 0.00773619
257 -58.5204 155.986 94.9646 0 0.211603 0.839148 -0.501054 3.011 0.0106737
258 94.8797 -183.554 -14.5524 0 -0.575133 0.627594 -0.524736 3.011 0.00501855
259 34.7512 78.9305 72.7259 0 -0.651479 -0.744968 0.143517 3.011 0.0106457
260 -130.033 28.6443 6.15417 0 0.171217 0.798611 0.576979 3.011 0.00961015
261 96.1564 -82.8683 -30.9448 0 -0.38784 0.70842 -0.589679 3.011 0.00863388
262 58.8422 -25.5506 -133.064 0 -0.842193 -0.4439 -0.306046 3.011 0.0103495
263 -108.077 -114.453 101.455 0 -0.225615 0.127943 0.965779 3.011 0.0111301
264 99.8897 -38.8925 68.9664 0 0.228836 0.705542 0.670704 3.011 0.0100832
265 -25.5479 -139.804 -94.6034 0 0.506467 -0.405475 0.760974 3.011 0.00897306
266 41.1486 152.598 -46.1443 0 -0.669705 -0.644296 -0.369294 3.011 0.000662436
267 -84.8319 -123.812 90.1236 0 0.848558 -0.457701 -0.265442 3.011 0.0079577
268 -17.8608 89.6557 -29.8644 0 0.293581 0.602885 -0.741849 3.011 0.00927843
269 103.453 176.313 4.28033 0 0.907857 -0.293218 -0.299698 3.011 0.0108409
270 -139.366 -176.831 -40.4617 0 -0.0964312 -0.0925401 -0.991028 3.011 0.00841344
271 -136.677 40.101 -56.0535 0 0.437911 0.895332 -0.0813328 3.011 0.00966009
272 -60.3273 101.337 -76.2854 0 -0.0505576 0.989019 0.138874 3.011 0.00626709
273 -72.782 69.4843 25.602 0 -0.62373 -0.371372 -0.687782 3.011 0.00926837
274 81.8346 193.488 61.0279 0 0.182948 0.80269 0.567643 3.011 0.00799668
275 32.6874 186.5 47.1476 0 0.239561 -0.541668 -0.805734 3.011 0.00880159
276 25.08 -68.0566 -22.281 0 0.996061 -0.0843493 0.0273317 3.011 0.00955518
277 79.4241 51.4157 50.4106 0 -0.805115 -0.525734 0.274579 3.011 0.0088336
278 -51.759 181.647 76.3243 0 -0.725043 -0.688672 0.00665379 3.011 0.00860152
279 -5.79413 58.7942 -87.8984 0 0.500947 0.743506 -0.443002 3.011 0.0105959
280 -3.60249 -18.9619 -138.139 0 0.889622 0.0610396 -0.452601 3.011 0.00142843
281 140.513 1.26945 45.9922 0 -0.117279 0.79281 0.598078 3.011 0.00871849
282 -116.789 191.501 7.53383 0 0.189374 -0.656575 0.730101 3.011 0.0095293
283 15.4305 -130.68 64.2297 0 -0.223994 -0.313794 0.922692 3.011 0.0110559
284 10.6164 -53.6589 -26.1906 0 0.51817 0.416159 -0.747203 3.011 0.00993763
285 74.6327 -192.644 100.498 0 0.866412 -0.0861228 -0.491846 3.011 0.00752719
286 -47.9166 178.414 30.3653 0 0.906725 -0.332355 0.259596 3.011 0.00981053
287 -37.1231 37.0486 -10.9947 0 -0.0973745 -0.973487 0.20698 3.011 0.00757493
288 -35.3122 -135.243 -10.8696 0 -0.151727 0.82682 0.541616 3.011 0.0104626
289 -134.421 111.325 5.57142 0 0.978399 -0.0237969 0.205351 3.011 0.00987745
290 48.1752 -131.635 -19.3333 0 0.120201 0.558934 -0.820454 3.011 0.00918125
291 -32.0312 -34.8607 -25.3684 0 0.185122 -0.244192 0.951893 3.011 0.0107547
292 118.252 -94.0647 88.1754 0 0.344945 -0.583584 -0.735148 3.011 0.00162133
293 29.516 46.2815 125.089 0 -0.128375 -0.315532 0.940191 3.011 0.0111722
294 15.6043 52.2464 125.992 0 0.933011 -0.359837 -0.00274622 3.011 0.00843403
295 -128.056 -163.421 -27.3378 0 0.940647 0.205194 -0.270331 3.011 0.00799089
296 -4.29146 -95.9032 61.1948 0 0.941821 -0.333882 -0.0386747 3.011 0.00702733
297 -10.215 89.9259 19.8026 0 0.0747052 0.766677 0.637672 3.011 0.00835905
298 37.3363 -6.12593 -122.403 0 0.654815 -0.321471 0.684013 3.011 0.000607838
299 121.231 -30.2146 -86.9955 0 0.546012 0.783071 -0.297777 3.011 0.0109205
300 101.888 -127.128 -97.5649 0 -0.929892 0.184227 0.318374 3.011 0.00758859
301 7.97521 76.2012 141.897 0 0.853851 0.494871 0.161371 3.011 0.00673631
302 11.0765 -152.771 40.185 0 0.68931 -0.341309 0.63903 3.011 0.00969812
303 41.1918 56.5196 125.36 0 0.94207 0.334249 0.0279462 3.011 0.00834641
304 24.5685 99.7355 76.9211 0 0.497703 0.52822 0.68795 3.011 0.0111839
305 -66.9343 32.4389 85.8703 0 -0.526468 -0.845925 -0.0851028 3.011 0.0117932
306 -61.3647 189.764 25.226 0 0.937135 0.032254 -0.347473 3.011 0.0104034
307 -19.4402 -24.589 132.65 0 0.524196 0.746356 0.410087 3.011 0.00881986
308 -109.881 177.872 39.998 0 0.240775 0.958626 -0.151865 3.011 0.00594848
309 -131.327 -28.3793 -45.2509 0 -0.229098 -0.844818 0.483526 3.011 0.00727234
310 -51.4913 -149.707 85.6947 0 -0.879717 -0.406108 -0.247332 3.011 0.0066429
311 121.803 -36.8836 46.9409 0 -0.483335 0.216851 0.848153 3.011 0.00919567
312 45.3582 -108.641 45.4761 0 0.963829 -0.0317424 -0.264626 3.011 0.00812652
313 86.8013 59.2426 -44.8748 0 -0.977228 -0.177584 -0.11614 3.011 0.00972849
314 -11.6794 101.433 8.38514 0 -0.410266 -0.621888 -0.667036 3.011 0.00900607
315 62.0247 109.555 88.7541 0 0.94697 0.0850914 -0.309849 3.011 0.00361998
316 -87.7 -115.288 101.416 0 -0.852321 -0.522491 -0.0234884 3.011 0.0106761
317 98.243 -161.306 25.6767 0 0.647987 -0.759455 0.0578115 3.011 0.0101404
318 111.279 -55.1297 -90.2874 0 0.784709 0.602553 0.145472 3.011 0.00886754
319 92.6015 -110.486 90.554 0 0.144076 0.891214 -0.430092 3.011 0.0102867
320 25.0093 144.953 -77.9949 0 0.41103 -0.911534 -0.0126907 3.011 0.0335448
321 46.2912 87.8425 24.8526 0 -0.402142 0.703451 0.586036 3.011 0.00980452
322 44.7138 -87.1999 136.059 0 0.160754 -0.527112 -0.834453 3.011 0.00680618
323 -91.6919 -103.056 -85.9541 0 -0.961643 -0.0888257 0.259525 3.011 0.00674011
324 58.3107 7.14167 -7.15588 0 0.869482 0.464757 -0.167339 3.011 0.00908645
325 -24.4338 25.169 -117.983 0 -0.620268 -0.433151 0.653948 3.011 0.00874668
326 -77.4099 68.2733 52.854 0 0.793064 -0.555438 -0.250077 3.011 0.00792102
327 0.589585 48.1137 83.3336 0 -0.642456 0.0135524 0.766203 3.011 0.00784241
328 -103.45 -140.774 64.4601 0 0.346173 -0.550019 0.760029 3.011 0.0102924
329 -72.0158 -54.5578 -52.9724 0 0.101397 0.410383 0.906258 3.011 0.00994055
330 -24.382 -144.438 -62.2855 0 0.649928 -0.581402 -0.489453 3.011 0.00759744
331 10.165 -181.23 0.350623 0 -0.805164 -0.469482 -0.36235 3.011 0.00963348
332 33.8995 -157.731 66.3324 0 0.52469 -0.707217 -0.473861 3.011 0.00639513
333 85.6936 110.912 29.3358 0 0.487676 0.671011 0.558494 3.011 0.00639196
334 97.851 53.276 -104.518 0 0.723203 0.148719 -0.674433 3.011 0.0110611
335 57.8582 -190.664 72.6372 0 -0.599307 -0.399445 -0.69374 3.011 0.00943316
336 38.0372 47.6079 -24.46 0 -0.331458 0.545013 -0.770127 3.011 0.00534142
337 -93.456 58.3984 -109.408 0 -0.131017 -0.0274636 -0.991 3.011 0.00976419
338 -30.5201 -121.316 140.782 0 -0.199674 0.979713 -0.0171103 3.011 0.00653086
339 -133.777 54.669 -51.4424 0 -0.656866 -0.268012 0.704767 3.011 0.00754157
340 22.4059 -41.5178 -51.9429 0 0.510414 -0.519358 -0.68538 3.011 0.00904097
341 42.3916 -107.509 6.40491 0 -0.343225 0.92418 0.167593 3.011 0.00802813
342 -27.8635 49.954 92.6277 0 -0.100332 -0.803072 -0.587375 3.011 0.00877835
343 43.5288 -12.4727 -92.2354 0 -0.40771 0.167296 -0.897655 3.011 0.00898496
344 -115.427 -76.8945 -47.2951 0 0.900388 0.429293 -0.0707674 3.011 0.00761749
345 41.2465 -55.158 -123.319 0 -0.923488 0.331488 0.193094 3.011 0.0111881
346 -105.629 -102.973 -15.3823 0 0.578626 -0.650153 0.492436 3.011 0.0106111
347 46.3881 -95.5049 -66.1123 0 -0.454191 0.75979 0.46522 3.011 0.00889844
348 -76.9739 -171.408 -9.05471 0 -0.657856 -0.752742 0.024575 3.011 0.00816553
349 -108.477 129.839 -84.2712 0 -0.136838 -0.954577 0.264683 3.011 0.011358
350 94.2905 86.4117 88.4144 0 0.547467 0.815656 -0.187045 3.011 0.0114916
351 45.4041 141.745 2.90891 0 -0.909907 0.414634 0.0121319 3.011 0.00799851
352 -73.8849 -94.854 1.12888 0 -0.882079 -0.457281 0.113272 3.011 0.0106035
353 56.3748 93.2874 134.08 0 0.841242 -0.525888 0.125512 3.011 0.00417737
354 136.75 43.5442 -21.521 0 -0.733503 -0.41807 0.535902 3.011 0.00778225
355 -70.9173 166.794 -120.989 0 -0.546192 0.832539 -0.0924828 3.011 0.00481316
356 108.145 68.5295 45.2255 0 0.717264 0.372077 -0.589145 3.011 0.00322577
357 -53.3447 -183.745 -50.1433 0 -0.988603 -0.121674 -0.0886561 3.011 0.0111317
358 -39.9671 -183.533 -43.6812 0 0.916532 0.399497 0.0192913 3.011 0.0103498
359 28.6879 115.412 91.3845 0 0.0981831 -0.985801 -0.136219 3.011 0.00992477
360 66.5941 193.897 50.9041 0 -0.817791 0.00877309 0.575449 3.011 0.0109374
361 33.1368 45.7147 79.8244 0 -0.995175 -0.0654085 -0.073132 3.011 0.0111262
362 23.4644 5.48591 1.90995 0 -0.891139 0.212001 0.401156 3.011 0.0105004
363 131.391 -78.3409 -30.8723 0 0.4088 0.0783609 0.909253 3.011 0.0082844
364 6.80296 -170.575 95.2816 0 -0.823072 0.370687 0.430284 3.011 0.00904576
365 62.896 137.083 -62.2148 0 0.939816 -0.291886 -0.17762 3.011 0.00940916
366 31.4063 -155.216 -53.8843 0 0.703361 -0.60826 0.367835 3.011 0.00915533
367 10.5492 -148.7 -96.106 0 0.909175 0.254657 0.32947 3.011 0.00771083
368 -21.3589 -65.1662 -25.4906 0 -0.119456 -0.559986 -0.819845 3.011 0.0075682
369 -61.8583 -10.2982 14.8036 0 -0.330955 0.925477 -0.184287 3.011 0.0080346
370 -58.8701 155.759 -101.186 0 -0.0623279 -0.900087 0.43123 3.011 0.00659974
371 -134.592 -154.942 3.81031 0 0.231479 0.932873 -0.275981 3.011 0.00947612
372 14.1258 48.0308 -91.484 0 -0.42713 -0.904021 0.0175085 3.011 0.00663531
373 49.1818 65.3735 61.2732 0 -0.125838 -0.952262 0.27814 3.011 0.00989599
374 -12.9605 176.213 99.939 0 -0.712603 0.50442 0.487604 3.011 0.00680326
375 30.6615 -130.619 35.4009 0 0.24988 -0.777391 -0.577255 3.011 0.00945317
376 -138.732 -55.1874 -32.1623 0 -0.973801 -0.0976409 0.205372 3.011 0.00660939
377 116.675 -35.2736 -35.7566 0 0.842922 0.453832 0.288996 3.011 0.0119329
378 -17.6171 162.985 -16.628 0 0.823523 -0.29894 0.482125 3.011 0.00355632
379 72.6038 48.2599 -119.638 0 -0.181222 -0.908773 0.375885 3.011 0.00822525
380 -97.9234 74.7929 95.686 0 -0.624471 0.549763 0.554794 3.011 0.0109207
381 -64.9668 174.562 -91.3256 0 0.77702 0.451682 0.438433 3.011 0.0115948
382 -106.517 -180.435 -101.44 0 -0.570208 0.145782 0.808462 3.011 0.0102625
383 75.7293 25.9527 -118.749 0 -0.506044 0.629597 0.589514 3.011 0.00596563
384 -79.6694 63.9475 95.9067 0 0.204501 -0.548608 0.810684 3.011 0.0083854
385 -109.315 171.184 -62.3147 0 -0.00307026 0.519323 -0.854573 3.011 0.00769193
386 120.275 166.472 39.0008 0 0.114365 -0.710726 0.694111 3.011 0.00889586
387 -10.5919 131.151 -7.63464 0 0.635732 0.653588 -0.410692 3.011 0.0119504
388 -57.0246 -189.043 65.457 0 -0.977909 -0.208694 -0.0118725 3.011 0.00833412
389 48.5415 87.7969 -35.7055 0 0.872077 0.483866 -0.0731804 3.011 0.0114504
390 85.2908 4.53816 37.5349 0 -0.857422 0.102292 0.504345 3.011 0.00921541
391 73.8524 -150.751 50.2777 0 -0.919784 0.347588 0.182154 3.011 0.0100228
392 -112.024 139.952 -63.2516 0 0.194294 -0.935352 -0.295579 3.011 0.00723732
393 -78.1424 -32.146 27.5494 0 -0.919265 0.365766 0.145489 3.011 0.00794471
394 -63.4643 -101.279 -120.628 0 -0.797049 0.119998 0.591873 3.011 0.00644331
395 53.6209 -64.6901 110.061 0 0.767083 -0.467369 0.439488 3.011 0.0103349
396 -18.0447 84.2959 62.2963 0 0.877882 -0.23613 -0.416613 3.011 0.00711707
397 -9.79199 -133.846 36.0671 0 -0.199375 0.82012 0.536333 3.011 0.00935059
398 37.0527 93.0765 109.85 0 -0.599415 -0.328051 0.730126 3.011 0.0087046
399 119.728 -83.4607 34.6398 0 0.85764 0.456286 0.237186 3.011 0.00484463
400 -99.107 35.7996 95.7812 0 0.247802 0.0914624 0.964484 3.011 0.00899824
401 -102.026 4.16432 -70.6185 0 0.811128 -0.581215 0.0652798 3.011 0.00957771
402 28.2796 -100.549 -77.1484 0 0.280013 0.00184306 -0.959994 3.011 0.0116027
403 -60.9287 12.7219 84.3592 0 0.798487 0.497364 0.339186 3.011 0.198652
404 -91.7865 -101.83 36.8109 0 0.627736 -0.758269 0.175996 3.011 0.0082881
405 76.2581 24.2268 -67.4601 0 -0.794721 -0.0889973 -0.600415 3.011 0.00930628
406 46.7947 -186.478 52.6756 0 0.341512 -0.476238 -0.810289 3.011 0.0017777
407 22.4062 -59.9812 -45.4461 0 0.144388 0.643764 -0.751478 3.011 0.00839246
408 119.014 -130.011 -60.7814 0 -0.487633 -0.4261 -0.762006 3.011 0.00815584
409 119.564 -98.521 -44.0102 0 0.305132 -0.302503 0.902988 3.011 0.00897835
410 -4.49853 -71.5726 -82.4735 0 0.585844 -0.593013 0.552378 3.011 0.00959411
411 54.2585 -53.0816 -39.9153 0 -0.902527 0.39618 -0.168777 3.011 0.00848081
412 -19.8184 -167.535 42.714 0 0.15433 -0.760181 -0.631116 3.011 0.00301969
413 28.1675 18.1839 42.45 0 -0.512774 -0.711218 0.480865 3.011 0.00964424
414 -130.151 1.76328 16.9691 0 -0.499732 -0.86151 -0.0898246 3.011 0.00541645
415 28.8952 -1.23691 85.79 0 -0.0455807 0.981417 0.186394 3.011 0.00551978
416 87.2508 16.1336 15.5712 0 0.112876 -0.344046 -0.932144 3.011 0.00745528
417 -124.266 159.548 9.47637 0 -0.153494 0.985486 0.0725085 3.011 0.0110795
418 -123.839 33.2745 -62.8208 0 0.0480409 0.977252 -0.206567 3.011 0.0113979
419 -48.3906 -172.895 -120.499 0 -0.554919 0.406696 0.725716 3.011 0.0117808
420 6.06194 -72.1713 -72.1494 0 0.0328301 0.998117 -0.0518148 3.011 0.010561
421 121.426 19.4806 -27.1284 0 -0.570512 -0.421173 0.705074 3.011 0.0109415
422 -25.5916 -27.2496 62.5542 0 0.413064 -0.185751 -0.891557 3.011 0.00676909
423 -76.6139 -175.301 8.99395 0 -0.134744 0.44774 -0.883953 3.011 0.00936801
424 72.8866 185.973 59.804 0 0.438684 0.718986 0.539088 3.011 0.0112704
425 42.6898 39.2125 -140.94 0 -0.277947 0.250966 -0.927233 3.011 0.00714304
426 -45.0421 -87.6889 -22.7212 0 -0.669593 0.694869 0.262304 3.011 0.00965503
427 -32.0923 -84.8573 -87.12 0 0.595844 0.793543 0.123527 3.011 0.00826953
428 61.9981 147.042 30.4326 0 0.633339 -0.576236 0.51656 3.011 0.00643811
429 -138.133 -74.0557 -4.77706 0 -0.578516 0.312945 0.753249 3.011 0.0102167
430 -40.0836 -16.4181 -99.2116 0 0.775807 -0.625429 -0.083438 3.011 0.00768214
431 -3.19507 -60.8535 113.028 0 -0.378592 0.809275 0.449157 3.011 0.0112752
432 -19.0739 -66.8898 35.822 0 -0.977119 -0.146052 -0.15462 3.011 0.00900896
433 115.387 93.1582 -24.4908 0 -0.440549 0.571526 0.692297 3.011 0.00965906
434 97.0175 182.286 -1.39639 0 -0.827946 0.439083 0.348872 3.011 0.00781148
435 -61.0978 153.792 49.1898 0 0.77256 -0.544797 0.326108 3.011 0.00491915
436 6.25368 97.5092 -66.6614 0 0.0152625 -0.676214 -0.736547 3.011 0.00584122
437 -23.5414 -162.001 130.138 0 0.336907 0.607202 0.719583 3.011 0.00931595
438 -88.3227 -18.3993 96.2812 0 0.691607 -0.720223 -0.0543855 3.011 0.00884619
439 6.55333 170.993 116.366 0 -0.715972 -0.408442 0.566179 3.011 0.0104514
440 -118.177 15.1153 -5.08985 0 -0.69982 0.427939 0.571944 3.011 0.00740137
441 58.513 -181.028 -81.1528 0 -0.269515 -0.958029 0.0976799 3.011 0.00765053
442 -59.9657 -2.177 -46.1594 0 -0.521465 -0.79541 0.308863 3.011 0.0116634
443 -45.2719 -99.5343 39.3939 0 0.835143 -0.0905132 -0.542535 3.011 0.0103225
444 89.6047 -131.442 -1.34478 0 -0.650983 0.632202 0.420169 3.011 0.0113181
445 97.4162 -98.5571 76.8576 0 0.564652 0.496977 0.658925 3.011 0.00858301
446 -6.18555 -170.774 -19.7585 0 0.932053 -0.353638 -0.0788503 3.011 0.00507158
447 16.108 154.885 54.0695 0 -0.621303 -0.633648 -0.460948 3.011 0.00996164
448 -107.213 -8.37168 13.6999 0 0.255231 -0.964347 -0.0699465 3.011 0.0120093
449 -126.426 64.7331 -25.8623 0 -0.0152397 -0.926965 0.374839 3.011 0.0113075
450 125.693 -112.284 10.4423 0 -0.519233 -0.25318 -0.81627 3.011 0.0100392
451 64.6303 2.45306 120.44 0 0.426706 -0.758502 0.492542 3.011 0.00726769
452 123.286 109.706 19.769 0 -0.06606 0.989831 0.125976 3.011 0.00864635
453 -94.2544 44.8184 -83.1195 0 0.463596 0.866204 -0.186466 3.011 0.00923862
454 10.9566 -66.8148 145.718 0 0.940256 0.31769 0.12244 3.011 0.0088136
455 -132.36 129.191 52.0051 0 -0.886655 0.302724 0.349572 3.011 0.0103419
456 48.3394 -122.923 -26.6515 0 -0.354948 0.171749 -0.918975 3.011 0.00543805
457 23.3166 173.793 69.0012 0 -0.0357588 -0.394031 0.918401 3.011 0.00673599
458 104.588 -149.264 65.7829 0 0.497972 -0.495341 -0.711801 3.011 0.0108723
459 59.257 -40.0046 -126.007 0 0.606786 0.428411 -0.669533 3.011 0.00594431
460 -37.9223 29.4525 -137.243 0 0.518774 -0.478945 0.708156 3.011 0.00871767
461 -123.656 -154.21 -11.5645 0 0.626554 -0.533502 0.568159 3.011 0.00614532
462 -59.1782 -82.4082 -132.075 0 0.496047 0.274989 -0.823601 3.011 0.00311947
463 -115.623 -83.6631 -6.95339 0 -0.303232 -0.321912 0.896896 3.011 0.00724915
464 -115.459 -16.8621 -69.7721 0 -0.606729 0.791847 0.0696939 3.011 0.00900095
465 -32.3124 155.58 -112.887 0 -0.906335 0.412542 0.0914665 3.011 0.00928838
466 37.8159 84.0623 66.3998 0 -0.703935 -0.650262 0.285718 3.011 0.00960307
467 124.086 -177.957 49.3551 0 -0.102436 0.352899 -0.930037 3.011 0.0103303
468 -93.8438 13.5875 -104.899 0 0.916406 -0.36107 -0.172707 3.011 0.0103662
469 -97.1442 52.5198 26.8811 0 0.337106 0.265629 -0.903217 3.011 0.0119969
470 -44.2646 -143.199 117.983 0 -0.972597 0.209224 0.101391 3.011 0.00501461
471 106.536 97.5176 44.6634 0 0.0203432 -0.780406 0.624943 3.011 0.00849921
472 138.189 23.5243 20.7782 0 0.731253 0.280017 -0.621981 3.011 0.0102207
473 -40.0878 -112.852 -89.133 0 0.835223 -0.0738861 -0.544925 3.011 0.00929581
474 -66.4295 76.1694 -76.5751 0 -0.103574 0.462228 0.880691 3.011 0.00699545
475 79.0108 -121.036 -90.9389 0 -0.822327 -0.372099 -0.43049 3.011 0.0052921
476 50.3539 -124.644 -134.852 0 -0.640498 0.139834 0.755121 3.011 0.0109065
477 -105.337 148.739 -7.50721 0 0.00311913 -0.997916 -0.0644451 3.011 0.00652526
478 22.9727 -68.2369 -129.557 0 -0.984954 0.162404 -0.0590814 3.011 0.0117917
479 15.1627 -140.946 90.7304 0 -0.115506 0.13493 -0.9841 3.011 0.00628779
480 -94.7456 -5.68175 -30.0583 0 0.974936 0.0541327 0.215802 3.011 0.0106311
481 71.2459 93.1107 84.6527 0 0.155199 0.986162 -0.0582874 3.011 0.00892287
482 -30.7477 -118.587 87.2444 0 -0.72372 -0.497292 -0.478467 3.011 0.0111601
483 -37.0902 83.5294 -78.4229 0 -0.602047 0.619199 -0.504115 3.011 0.0109765
484 -23.42 127.8 -28.0008 0 0.887749 -0.36539 -0.279985 3.011 0.010142
485 -85.7859 101.307 112.861 0 0.651016 0.660928 -0.3733 3.011 0.00930043
486 43.7236 -30.6677 -75.8186 0 0.876262 -0.216417 0.430499 3.011 0.0104085
487 -123.105 167.672 -14.3537 0 -0.220839 -0.936348 -0.272914 3.011 0.00451781
488 42.8487 47.8279 58.1896 0 0.946128 -0.323688 -0.00824797 3.011 0.0103729
489 65.6117 -171.525 -84.7495 0 0.517216 -0.747919 -0.416059 3.011 0.00492336
490 -63.8691 -157.311 -62.1994 0 0.748778 0.00609063 -0.662793 3.011 0.00841328
491 -4.13071 14.491 -113.826 0 -0.529898 0.83792 0.130762 3.011 0.00944456
492 -52.0102 61.6795 -135.397 0 0.709704 0.485674 0.510334 3.011 0.00670808
493 -92.3558 115.611 49.0268 0 -0.180799 -0.0893201 -0.979456 3.011 0.0086988
494 -38.2663 165.217 0.475317 0 0.239744 -0.92212 0.303673 3.011 0.0121636
495 -65.276 54.0087 132.454 0 -0.75676 0.0175231 -0.653458 3.011 0.00906822
496 -36.8926 -141.832 120.033 0 0.491807 0.818807 0.29611 3.011 0.0102211
497 -7.30357 168.5 98.1174 0 0.802876 -0.265443 -0.533788 3.011 0.0101734
498 72.7974 174.365 52.14 0 -0.723749 -0.0868025 0.684582 3.011 0.00762177
499 106.508 147.195 -97.9432 0 0.952386 0.296238 0.0721402 3.011 0.00931841
500 88.6962 -159.677 118.378 0 -0.24357 -0.771998 -0.587105 3.011 0.012372
501 96.7677 -142.852 -6.07241 0 -0.628689 0.313419 -0.711701 3.011 0.00855215
502 57.2933 -2.50565 15.533 0 0.551283 -0.0157282 0.83417 3.011 0.00678248
503 69.9877 62.2388 74.7348 0 0.840462 -0.319524 0.43764 3.011 0.00712319
504 35.9654 -89.2479 96.462 0 0.406167 0.0195387 0.91359 3.011 0.00645446
505 -23.1138 174.903 -68.4244 0 0.82376 0.427129 -0.372801 3.011 0.00988183
506 39.5202 104.674 -142.111 0 0.344373 0.653413 0.674135 3.011 0.00989538
507 57.6452 89.4823 46.6214 0 -0.313932 -0.947269 0.0642569 3.011 0.00834233
508 -68.8209 -117.329 104.186 0 0.834812 -0.378856 0.399446 3.011 0.00793455
509 -18.024 -72.5736 137.561 0 0.047082 0.655268 0.753928 3.011 0.00792826
510 115.499 -86.8695 -36.6534 0 -0.0950851 -0.168091 0.981175 3.011 0.00508272
511 109.054 -0.816771 -34.7893 0 -0.733514 -0.610667 0.2984 3.011 0.0102683
512 -115.445 181.09 4.14609 0 0.394798 -0.802279 0.447754 3.011 0.00829133
513 -87.6445 163.206 67.9957 0 0.254752 0.882319 -0.395746 3.011 0.00950719
514 45.5838 15.1912 97.7122 0 0.959228 0.135897 -0.247818 3.011 0.00883274
515 144.909 -35.3961 -12.2579 0 0.158741 0.7952 0.5852 3.011 0.00557868
516 -73.4951 133.7 113.292 0 -0.0856459 0.889574 0.448691 3.011 0.0103886
517 47.7229 62.7198 -103.921 0 -0.445555 -0.892541 0.0696579 3.011 0.0107644
518 33.1216 3.98072 -119.324 0 0.0458221 0.490902 -0.870009 3.011 0.00861209
519 -18.9991 186.015 -76.8643 0 0.175175 -0.230756 0.957113 3.011 0.0107084
520 -60.7808 138.192 -35.4626 0 0.225785 -0.581022 -0.781943 3.011 0.00527633
521 -79.0806 -28.4322 -39.4005 0 0.682281 -0.711944 -0.166215 3.011 0.0100728
522 -11.4796 -152.235 -33.9574 0 -0.847012 0.0316296 0.530633 3.011 0.0548768
523 -88.4434 -1.11597 -116.765 0 -0.398828 0.187035 0.89775 3.011 0.0106176
524 127.424 -18.9225 73.5747 0 -0.813044 -0.385985 0.435862 3.011 0.0118145
525 20.9004 -46.5793 140.855 0 -0.411071 0.127784 -0.902603 3.011 0.00760692
526 -140.975 -157.731 12.602 0 -0.243113 0.529548 0.812696 3.011 0.00741375
527 112.87 162.772 29.5591 0 -0.755531 0.655047 0.00929821 3.011 0.0104563
528 34.9723 -63.4574 -112.7 0 0.729032 -0.246885 -0.638404 3.011 0.0044937
529 -15.465 181.628 18.7646 0 -0.420099 -0.67681 -0.604521 3.011 0.00945897
530 -22.7607 132.298 -42.346 0 -0.848284 -0.162257 0.504071 3.011 0.00975958
531 63.6499 38.6023 12.4054 0 -0.995031 0.0938964 0.0331162 3.011 0.00962118
532 -55.9193 -83.1239 -17.8814 0 0.0930199 -0.381971 -0.919481 3.011 0.00916358
533 59.3606 156.584 39.6921 0 0.543991 -0.832832 -0.1023 3.011 0.0109596
534 65.657 -125.677 -99.7846 0 0.252279 -0.711725 -0.655593 3.011 0.0128608
535 -3.19492 126.146 70.2964 0 0.179053 0.429032 0.885365 3.011 0.00874217
536 -68.8778 167.747 -57.7151 0 0.269943 -0.400527 0.875619 3.011 0.00920273
537 -82.2792 8.51489 25.3526 0 0.645479 0.698769 0.308347 3.011 0.00736451
538 47.871 -181.965 53.8621 0 -0.799799 0.0588968 0.597371 3.011 0.00883083
539 96.1313 47.0204 18.002 0 -0.785428 -0.0917282 -0.612118 3.011 0.00468044
540 -60.9607 2.4197 9.82654 0 -0.211081 -0.368196 -0.90547 3.011 0.00907232
541 -74.0286 76.0566 -113.676 0 0.747656 -0.359126 -0.558604 3.011 0.00267485
542 -92.7505 -46.346 16.4535 0 0.195948 -0.929343 -0.312932 3.011 0.00489231
543 -116.203 -68.5419 -40.9458 0 -0.188629 0.818449 -0.542734 3.011 0.0100856
544 -123.703 27.3925 19.1033 0 -0.48813 0.340479 0.803619 3.011 0.0104238
545 103.948 160.667 -94.0042 0 -0.896958 -0.0740082 -0.435878 3.011 0.00833296
546 143.174 37.1139 -39.9919 0 -0.391915 -0.914203 0.103127 3.011 0.00872112
547 53.9538 -160.48 -68.7996 0 0.349998 -0.0537462 -0.935207 3.011 0.00923493
548 -85.7264 -20.7264 47.4809 0 0.00100442 -0.17213 -0.985074 3.011 0.0106963
549 -2.86955 170.341 -90.5237 0 -0.982935 0.121103 0.138465 3.011 0.00847649
550 1.57351 -122.763 -137.104 0 0.945047 0.320237 0.0658375 3.011 0.00812739
551 -137.321 -141.147 12.6183 0 0.943471 -0.0833848 0.320794 3.011 0.00623113
552 1.59883 37.4163 4.74134 0 0.0239464 -0.401511 -0.915541 3.011 0.00962701
553 46.0888 -103.919 16.4317 0 -0.601456 0.212818 0.770038 3.011 0.0103179
554 70.8497 175.187 26.0039 0 0.709903 0.391254 -0.585626 3.011 0.0094919
555 -65.5064 28.617 125.952 0 -0.887709 0.456973 0.056111 3.011 0.00938951
556 -24.5877 -73.9595 116.378 0 0.887712 -0.446951 -0.110462 3.011 0.0051967
557 27.3861 39.888 -6.9118 0 0.503406 0.707683 0.495749 3.011 0.00842264
558 -6.8701 -58.0649 39.415 0 -0.64397 0.75833 0.101182 3.011 0.00923596
559 0.742364 -192.891 135.418 0 0.164747 0.0774721 -0.983289 3.011 0.0102236
560 113.709 129.597 65.0974 0 -0.876696 -0.141031 -0.459906 3.011 0.00535308
561 -143.388 77.1185 -4.49839 0 0.853862 -0.23449 -0.464688 3.011 0.00862912
562 -21.6527 85.9443 -22.7151 0 -0.180158 -0.354802 -0.91742 3.011 0.00911764
563 37.4977 82.84 -62.542 0 -0.661361 -0.162834 -0.73218 3.011 0.00865255
564 142.9 2.7228 23.6931 0 -0.797605 -0.427168 0.425856 3.011 0.0105369
565 -79.6649 -176.022 -119.2 0 -0.220338 -0.908106 0.356081 3.011 0.00908695
566 89.6974 193.522 -23.7553 0 -0.85643 -0.440059 -0.269955 3.011 0.0106918
567 10.9273 138.334 -117.674 0 0.346815 -0.376893 0.858878 3.011 0.0030069
568 -95.5652 106.11 -95.2957 0 -0.835827 -0.328407 0.439934 3.011 0.00662735
569 11.8122 171.624 -92.6917 0 0.325366 0.673807 -0.663416 3.011 0.00622715
570 65.8862 106.74 101.067 0 0.577296 -0.60912 0.543785 3.011 0.00813667
571 65.2873 -52.9961 104.694 0 0.853719 0.433879 0.287946 3.011 0.00988045
572 114.819 -165.483 -14.9077 0 -0.528933 -0.233631 -0.815872 3.011 0.00797693
573 -134.553 -17.3988 -31.8297 0 0.378917 -0.503863 0.776237 3.011 0.0081027
574 16.711 155.35 -126.805 0 -0.711091 0.328625 0.621575 3.011 0.00344574
575 104.023 42.2963 -36.6248 0 0.156111 0.915989 0.369585 3.011 0.00624632
576 -1.98905 -11.0833 -66.2017 0 0.537352 0.305198 0.786198 3.011 0.0111524
577 68.5475 7.02293 -11.0025 0 -0.875279 0.138622 0.463326 3.011 0.00950778
578 -3.28259 -179.468 -63.7991 0 0.206764 -0.860917 -0.464834 3.011 0.00953408
579 34.9106 -35.5546 40.8739 0 -0.0309211 0.708225 -0.705309 3.011 0.00985419
580 -63.8963 174.891 -18.6724 0 -0.352221 0.597667 0.720233 3.011 0.0104382
581 28.027 -116.421 72.0866 0 -0.970933 -0.114288 0.210302 3.011 0.0107485
582 109.699 149.547 43.6482 0 0.797261 -0.536562 0.276543 3.011 0.00751657
583 -20.9608 179.094 65.5853 0 0.880006 -0.465807 -0.0928053 3.011 0.00917101
584 47.3241 181.65 75.5406 0 0.731173 0.680977 0.0407045 3.011 0.0111162
585 -107.137 15.6746 -4.2292 0 -0.386832 0.388021 0.836541 3.011 0.00691892
586 28.2927 193.323 -135.153 0 0.764343 0.210383 0.609523 3.011 0.00525622
587 134.647 -170.109 2.80178 0 0.0533443 -0.375138 0.925433 3.011 0.0106808
588 48.076 43.3657 55.1665 0 -0.341281 -0.495287 -0.798886 3.011 0.0115119
589 98.2063 -112.181 80.7507 0 -0.514721 0.207108 -0.831967 3.011 0.0101679
590 6.20336 46.8496 -32.8513 0 0.503228 0.643448 -0.576833 3.011 0.00568674
591 -39.0126 127.447 -119.794 0 -0.311249 -0.476891 -0.822009 3.011 0.00659717
592 117.349 -115.489 -56.2271 0 -0.712325 -0.13161 -0.6894 3.011 0.0100906
593 -98.7966 -91.885 -32.3218 0 -0.47857 0.69718 0.533771 3.011 0.00104246
594 -87.1354 -47.7562 -66.6685 0 0.609502 0.617911 -0.496683 3.011 0.0070319
595 2.34538 103.88 -89.5557 0 0.951369 -0.166274 0.259324 3.011 0.00839918
596 -89.8762 128.509 -91.6882 0 -0.796796 -0.576031 0.182494 3.011 0.00510441
597 77.8433 -170.944 -102.508 0 -0.870243 -0.119747 -0.477848 3.011 0.0101968
598 95.4517 -120.661 78.1932 0 0.493621 -0.49678 -0.713826 3.011 0.00652124
599 -89.3239 -69.1072 109.696 0 0.763457 -0.645125 0.0307757 3.011 0.00991233
600 -138.844 48.5356 -3.39062 0 0.552399 0.302522 -0.776747 3.011 0.0105874
601 54.5237 161.446 -78.5324 0 -0.0550619 0.0962067 -0.993837 3.011 0.0107561
602 -84.671 -101.652 75.0206 0 -0.922903 -0.335767 -0.188442 3.011 0.00769051
603 -72.3701 164.675 -8.65479 0 0.413736 -0.596072 0.688128 3.011 0.00775886
604 -3.10641 -21.6721 -73.6566 0 -0.0977533 -0.102514 -0.989917 3.011 0.00790251
605 -126.014 -181.964 -63.3103 0 0.891773 0.361736 0.271822 3.011 0.0114614
606 -110.507 -169.336 -80.8712 0 -0.374313 -0.629679 -0.68073 3.011 0.00733671
607 79.1103 77.2936 -103.396 0 0.149132 -0.57651 0.803366 3.011 0.00809755
608 -13.1488 -39.6211 121.443 0 0.728927 0.682633 0.0517372 3.011 0.0112703
609 77.1522 -70.6457 -101.736 0 0.56881 0.809513 -0.145406 3.011 0.00985627
610 -66.0966 -32.532 121.599 0 -0.221703 -0.492797 0.841427 3.011 0.00756298
611 79.2331 -152.429 12.5702 0 0.227721 0.842349 0.488458 3.011 0.0432913
612 -137.436 -37.5371 -19.2193 0 0.631553 0.761638 0.145081 3.011 0.00935866
613 31.246 31.0429 30.5445 0 -0.44023 0.566 0.697024 3.011 0.00639456
614 63.9742 -128.165 -48.3023 0 -0.261151 -0.558093 -0.787612 3.011 0.00893623
615 -36.4257 -56.3083 -92.5685 0 -0.671213 -0.663912 -0.329687 3.011 0.0060639
616 -122.412 -159.318 58.4751 0 -0.740485 -0.0582316 0.669546 3.011 0.0113716
617 -69.8227 57.0272 -28.7793 0 -0.432532 0.892651 -0.126846 3.011 0.00501604
618 -96.4889 136.446 105.452 0 -0.0722263 -0.170556 0.982697 3.011 0.00647535
619 7.46375 -121.527 118.881 0 -0.659496 0.522408 -0.540513 3.011 0.00954293
620 -62.3427 139.69 -31.4928 0 -0.293969 0.876095 0.382152 3.011 0.00975933
621 -25.3304 -106.53 66.661 0 -0.275798 -0.766903 0.579478 3.011 0.0112298
622 2.42264 165.295 -95.3504 0 0.421252 -0.504391 -0.753749 3.011 0.00951291
623 -67.3964 73.093 92.7764 0 -0.716372 0.167075 0.677419 3.011 0.00955416
624 57.6401 65.8675 88.6003 0 0.235405 0.946219 0.221933 3.011 0.0103014
625 20.1059 95.8561 85.0091 0 -0.583891 0.797595 -0.151374 3.011 0.00684965
626 -62.6609 42.0256 120.036 0 0.0735384 -0.981788 -0.175167 3.011 0.00814686
627 42.4787 -22.9128 -1.16999 0 0.690355 -0.308038 0.654616 3.011 0.0115637
628 -89.6921 49.8116 104.17 0 -0.467148 0.696752 -0.544344 3.011 0.00509299
629 -0.305611 -189.051 8.15096 0 -0.232377 -0.423551 0.87556 3.011 0.0118728
630 107.199 -72.9372 29.7658 0 -0.51516 0.810567 0.278553 3.011 0.0108082
631 76.8782 96.4478 1.10074 0 0.869132 -0.14257 -0.473586 3.011 0.00838458
632 136.703 53.7816 -24.201 0 0.346166 0.464711 0.814993 3.011 0.00976294
633 54.7532 -117.82 -32.6313 0 0.945642 -0.297275 0.131868 3.011 0.00901581
634 34.059 92.6529 -68.1368 0 0.427417 -0.64555 0.632914 3.011 0.00813875
635 0.0604391 131.4 -90.2077 0 -0.996366 -0.0221596 0.0822434 3.011 0.0104337
636 83.3132 26.3026 -28.4664 0 -0.994389 0.105234 -0.0108131 3.011 0.00672658
637 16.0982 -61.4515 -10.3527 0 -0.785622 0.0440489 -0.617136 3.011 0.00982788
638 -83.0409 83.8435 -8.0903 0 0.268529 -0.915335 -0.300091 3.011 0.0108777
639 69.4156 -108.325 97.2114 0 -0.820908 0.154279 0.549826 3.011 0.00742115
640 110.104 83.2664 35.6081 0 -0.932633 0.25483 -0.255456 3.011 0.0119784
641 60.3126 103.094 -33.0398 0 0.856204 -0.164201 0.489849 3.011 0.0113506
642 -38.5418 -91.1855 -50.3363 0 0.0416046 0.997675 0.0539767 3.011 0.0110171
643 21.8225 99.6107 -136.755 0 -0.526002 -0.566363 -0.634472 3.011 0.00870757
644 -91.51 -53.134 86.9477 0 0.623132 -0.221076 0.750221 3.011 0.00879397
645 -12.7241 129.574 84.6282 0 0.618339 0.589978 0.519214 3.011 0.00978233
646 138.538 -64.3084 18.9533 0 -0.0999042 0.72245 0.684167 3.011 0.0109688
647 18.634 171.692 14.683 0 0.72083 -0.674688 -0.158746 3.011 0.00752597
648 -78.3648 43.3963 68.4634 0 0.842062 0.0209305 0.538975 3.011 0.00906181
649 -47.3116 182.916 -74.2197 0 0.00768302 0.596282 0.802738 3.011 0.00828968
650 -34.3873 77.3019 111.552 0 -0.956736 0.112121 -0.268485 3.011 0.00935593
651 -127.718 93.785 -46.4062 0 0.00709903 0.958889 0.283693 3.011 0.0124085
652 -1.49093 128.039 -120.482 0 0.0921525 -0.124489 -0.987932 3.011 0.0088301
653 19.373 -95.3193 -85.0029 0 0.12086 0.656672 -0.744429 3.011 0.0107389
654 111.508 58.431 -65.4552 0 -0.492075 -0.681639 -0.541507 3.011 0.0103254
655 -83.1577 -149.27 -43.744 0 0.422776 -0.502383 -0.754236 3.011 0.00925703
656 -9.22355 -85.8439 -116.403 0 -0.162865 -0.525437 0.8351 3.011 0.00862796
657 -80.5956 -31.5771 120.238 0 -0.563429 0.669424 0.484169 3.011 0.00958552
658 -108.604 86.7148 53.2011 0 0.366111 -0.0124946 0.930487 3.011 0.0116649
659 30.6615 163.599 -41.3774 0 0.51526 0.812431 0.272879 3.011 0.0104794
660 1.6894 -75.8347 -130.312 0 -0.236252 0.88384 0.403746 3.011 0.010993
661 -59.8228 56.2558 -109.692 0 -0.495104 0.615586 -0.613128 3.011 0.0122599
662 -128.273 -103.03 -52.0701 0 -0.310961 0.772014 -0.554344 3.011 0.00922082
663 -72.2262 35.9845 -119.761 0 -0.320897 -0.937193 0.136727 3.011 0.00948051
664 4.53835 64.4431 127.997 0 0.377769 -0.682609 -0.625568 3.011 0.0108036
665 -55.2127 -123.649 -2.26342 0 -0.636948 0.706833 -0.307709 3.011 0.0101636
666 78.7106 48.726 -90.3953 0 0.269853 0.822841 0.500112 3.011 0.00825845
667 21.0991 -122.066 62.1019 0 -0.496243 -0.846667 0.192089 3.011 0.010009
668 123.672 104.976 8.66093 0 -0.753803 0.638176 -0.156568 3.011 0.0108832
669 118.802 -81.0002 27.3303 0 -0.0493299 -0.0458771 0.997728 3.011 0.00952321
670 20.2824 -83.0461 -31.4177 0 0.774356 -0.609496 -0.169961 3.011 0.00461396
671 -120.102 -4.44137 -30.7399 0 0.148515 -0.410673 0.899606 3.011 0.00738134
672 -56.009 190.361 -108.686 0 0.823774 0.0129674 0.566769 3.011 0.00794956
673 14.5906 -171.003 144.045 0 -0.615788 0.457506 0.641477 3.011 0.00840486
674 -5.29302 -120.647 -13.0443 0 0.51656 -0.294405 0.804047 3.011 0.0102272
675 -131.554 42.0382 -52.808 0 0.732662 -0.626092 -0.266861 3.011 0.010827
676 51.234 -152.696 55.1989 0 0.982116 -0.148398 -0.115875 3.011 0.0100673
677 -104.362 -38.1038 18.0688 0 -0.453795 0.891104 -0.00202036 3.011 0.0081152
678 -21.6961 -37.7333 79.6329 0 -0.604548 -0.462044 0.648873 3.011 0.00940772
679 -30.4303 -141.543 -20.2143 0 -0.738501 0.525292 0.422712 3.011 0.00948767
680 -25.7186 -105.359 -55.7219 0 0.637863 0.670284 0.379276 3.011 0.00830746
681 -104.768 178.327 -11.3577 0 -0.0130625 -0.498044 0.867053 3.011 0.00816019
682 112.584 -11.3127 37.2326 0 -0.226802 -0.0546517 0.972406 3.011 0.00407417
683 64.0254 -57.0971 -63.5987 0 0.957495 -0.142064 0.251042 3.011 0.00444207
684 -126.433 -20.0558 63.7297 0 0.797445 0.324904 -0.508448 3.011 0.00971526
685 -93.5426 46.2583 -75.6778 0 0.266098 0.55035 -0.791396 3.011 0.00875279
686 -12.6103 -91.9619 124.801 0 -0.190868 0.33041 -0.924337 3.011 0.0103248
687 50.3218 161.123 -80.1123 0 -0.56931 0.721846 -0.393478 3.011 0.00904001
688 44.007 -7.98973 -134.258 0 -0.261225 0.68826 -0.676801 3.011 0.0111933
689 71.0491 20.5191 104.07 0 -0.977401 0.0293139 0.209351 3.011 0.00809465
690 -63.0156 132.965 128.927 0 0.664812 -0.464921 -0.584699 3.011 0.00501736
691 -37.3492 15.9933 -13.3079 0 -0.878988 -0.475302 -0.0383046 3.011 0.0111701
692 -61.4662 12.7342 26.2402 0 0.329855 -0.744288 -0.580717 3.011 0.0105719
693 -60.297 46.559 93.7254 0 0.476115 -0.430189 -0.766976 3.011 0.00856724
694 -115.844 16.3221 -18.0304 0 0.744846 0.292109 0.599897 3.011 0.0112809
695 -135.381 57.4271 -30.4972 0 -0.204781 0.252995 -0.945547 3.011 0.00718604
696 70.0972 52.4041 -5.33126 0 0.88874 0.00301287 0.458402 3.011 0.0101495
697 53.3841 92.3905 120.497 0 0.21766 -0.272747 -0.937141 3.011 0.0116246
698 40.0898 -122.643 50.089 0 0.0250245 0.180638 0.983231 3.011 0.00487389
699 42.3479 -158.588 -41.0686 0 -0.989831 -0.110039 -0.0901451 3.011 0.00630072
700 132.297 -150.407 45.0927 0 0.933547 0.343492 0.102482 3.011 0.00348618
701 32.1825 104.396 -50.6369 0 0.0995314 0.755308 0.647768 3.011 0.0111272
702 66.0752 59.9847 32.5395 0 0.712339 0.701342 -0.0263216 3.011 0.00921488
703 -1.34441 -62.0016 -66.1783 0 0.583631 -0.778825 0.229799 3.011 0.00794149
704 101.524 55.336 -62.6342 0 -0.0737845 0.739307 -0.669314 3.011 0.0107081
705 -131.822 57.4275 -10.0928 0 0.769386 -0.453638 -0.449731 3.011 0.00503566
706 120.184 0.18631 -66.341 0 -0.171308 0.898407 0.404375 3.011 0.00601669
707 39.6133 99.3351 -91.823 0 0.923673 -0.0765723 -0.375452 3.011 0.00624111
708 -20.5524 -90.0314 -62.0604 0 -0.289881 -0.205544 0.93473 3.011 0.00661881
709 -89.6651 190.432 -21.4433 0 0.024668 0.802289 0.596426 3.011 0.00701557
710 -124.318 132.128 -38.5987 0 0.190328 0.464174 0.865054 3.011 0.0112206
711 74.3897 -128.868 -76.3815 0 0.461373 -0.862074 0.209674 3.011 0.00832853
712 -36.3558 -49.1046 -62.9691 0 0.711513 -0.698353 0.077799 3.011 0.00978855
713 -3.5864 -178.949 36.386 0 0.747736 -0.629649 0.210792 3.011 0.0106471
714 -128.896 -141.159 72.4915 0 0.621283 0.332492 -0.709547 3.011 0.0100558
715 -11.9159 7.57422 -26.1588 0 -0.866101 0.47671 -0.150391 3.011 0.0084428
716 103.632 -160.636 -4.34635 0 -0.341403 -0.901551 -0.2658 3.011 0.0080794
717 -36.193 95.9643 113.806 0 -0.914869 0.355203 -0.191954 3.011 0.0111296
718 -121.953 15.2468 -80.0805 0 -0.0104594 -0.268958 0.963095 3.011 0.0100867
719 44.9236 -112.913 -21.9284 0 -0.953522 -0.227108 0.198037 3.011 0.00534205
720 46.28 -116.13 -36.6585 0 0.402405 -0.000727596 -0.915462 3.011 0.00726395
721 86.2856 15.0091 12.4763 0 0.470845 -0.8622 0.186859 3.011 0.0105757
722 4.79674 118.727 -82.6172 0 -0.753347 0.598853 -0.27174 3.011 0.0104726
723 15.7187 -119.713 49.691 0 0.900657 -0.288961 0.324527 3.011 0.0108997
724 -97.6139 174.084 -83.9915 0 -0.794198 0.181296 0.579984 3.011 0.0081421
725 134.8 -141.666 64.9229 0 -0.064196 0.0641349 -0.995874 3.011 0.0105934
726 22.0006 -66.1408 104.659 0 -0.421528 0.726511 0.542675 3.011 0.0943595
727 -40.7584 169.673 -113.167 0 -0.272963 0.553795 0.78664 3.011 0.00936552
728 80.1526 -128.603 83.3775 0 0.216701 0.421748 0.880437 3.011 0.00681079
729 116.018 -143.603 91.6965 0 -0.703204 -0.671732 -0.23298 3.011 0.0104434
730 89.0209 -120.623 -10.8802 0 0.0476815 -0.256702 -0.965314 3.011 0.0105803
731 88.5459 136.015 2.78428 0 0.871604 0.0245188 -0.489597 3.011 0.00897944
732 -70.8412 100.879 -88.2947 0 -0.0349592 0.326167 -0.944666 3.011 0.00937772
733 -17.9571 -71.2407 -119.574 0 0.258665 -0.965736 -0.0211421 3.011 0.00859721
734 -80.4501 82.974 -83.4138 0 0.0696935 0.619899 -0.78158 3.011 0.00772876
735 -61.6118 75.257 66.396 0 0.787306 -0.233333 0.570705 3.011 0.00955311
736 103.102 26.4028 -84.5629 0 -0.937918 0.301755 0.171037 3.011 0.00919331
737 65.2855 62.0533 -110.465 0 -0.558899 -0.244556 0.792354 3.011 0.00695907
738 27.2524 102.694 120.758 0 -0.320406 -0.0902178 0.942974 3.011 0.0119355
739 -43.1571 -27.5607 -41.5005 0 0.495251 0.491268 -0.716507 3.011 0.0095883
740 104.04 -104.985 90.8217 0 0.699386 0.703388 -0.126908 3.011 0.00661084
741 -66.1694 182.996 118.558 0 -0.78281 0.62181 0.0236701 3.011 0.0106457
742 87.9586 16.1074 -92.8226 0 -0.893711 -0.363409 0.263086 3.011 0.00885173
743 40.7371 -177.663 -44.0296 0 0.554061 0.00257468 0.832472 3.011 0.00864156
744 3.28673 20.6007 -51.2869 0 -0.610129 0.792291 0.00430322 3.011 0.00788129
745 135.255 13.0395 -53.1576 0 0.18334 0.982276 -0.0389946 3.011 0.0100404
746 113.65 127.347 54.8608 0 -0.865142 0.375428 -0.332541 3.011 0.00685118
747 -109.516 -71.2498 42.3339 0 0.384501 0.772243 -0.505766 3.011 0.0106791
748 80.5406 -59.6992 119.935 0 -0.722705 0.170986 -0.669672 3.011 0.00842154
749 -70.7844 125.851 34.6098 0 0.898532 0.151081 -0.412086 3.011 0.00826825
750 -40.7323 -12.3583 81.6739 0 -0.768614 -0.153215 0.621094 3.011 0.00457432
751 -35.4662 191.613 -58.1046 0 0.102945 0.930472 0.351603 3.011 0.0108418
752 11.2585 -43.0939 4.48134 0 0.97361 0.166903 -0.15565 3.011 0.0108003
753 -106.764 -173.522 -18.0606 0 -0.957632 0.109024 -0.266559 3.011 0.0100165
754 67.4383 134.685 71.4793 0 -0.753795 0.053896 0.654896 3.011 0.00558801
755 -57.6513 112.937 22.7754 0 0.203117 0.810692 -0.549111 3.011 0.0117831
756 -9.26873 -121.996 104.517 0 0.8661 0.496426 -0.058588 3.011 0.00805782
757 124.697 -151.018 -17.6685 0 -0.451089 -0.311795 0.836243 3.011 0.00588451
758 -133.28 -100.243 55.215 0 -0.0428444 -0.472889 -0.88008 3.011 0.00851382
759 -40.2093 86.6476 -21.8923 0 0.808906 -0.12935 0.573532 3.011 0.00820924
760 81.4763 -181.772 26.0835 0 -0.88099 -0.261578 0.39425 3.011 0.00771112
761 80.2955 22.2519 -99.7932 0 -0.605525 0.697134 0.383853 3.011 0.0090725
762 31.6951 -73.2388 142.175 0 -0.415014 0.746142 0.520611 3.011 0.00629075
763 -79.3871 -143.004 -75.6859 0 0.230819 -0.323805 -0.917536 3.011 0.00568911
764 -43.0998 -101.474 -57.3814 0 -0.314598 0.693049 -0.648623 3.011 0.00844617
765 11.0986 -20.0712 142.829 0 0.128224 -0.980441 0.149311 3.011 0.00937735
766 22.4198 126.843 -4.58953 0 -0.561357 -0.821242 0.102179 3.011 0.0108389
767 109.782 34.4942 -61.4492 0 0.848442 0.0972072 -0.520286 3.011 0.0114972
768 -140.663 182.34 -13.8263 0 0.585045 0.544557 0.600983 3.011 0.00889469
769 -7.83074 -151.533 -71.3916 0 -0.812548 0.374274 0.446862 3.011 0.0110356
770 32.2268 168.496 -122.235 0 0.521306 0.81995 0.236476 3.011 0.00792748
771 118.976 2.92285 -5.94711 0 0.058983 -0.445404 -0.893385 3.011 0.00709472
772 114.635 137.473 61.3236 0 0.553404 -0.371384 -0.745532 3.011 0.0082256
773 -58.8541 75.4228 99.4934 0 -0.868002 0.167825 -0.46734 3.011 0.00941913
774 -21.6726 13.8391 -67.0041 0 0.0518171 0.655937 -0.753035 3.011 0.00710194
775 -139.821 17.8491 -41.5567 0 0.928731 -0.0257572 0.369858 3.011 0.00934157
776 128.867 -19.8507 29.2264 0 0.454371 -0.890015 0.0376786 3.011 0.0100187
777 -22.4797 37.3623 106.705 0 -0.645797 0.495632 0.580772 3.011 0.00687785
778 40.937 95.8708 111.181 0 0.954524 -0.105137 -0.278982 3.011 0.00487415
779 103.992 40.0646 -73.6572 0 -0.580398 -0.431452 -0.690642 3.011 0.00105003
780 -34.2745 92.4892 -91.7418 0 0.395091 -0.914633 -0.0857278 3.011 0.00900301
781 33.3314 120.206 128.165 0 0.875583 0.154725 0.457618 3.011 0.00881443
782 -94.3808 -10.7287 -13.3151 0 0.164306 -0.453817 0.875816 3.011 0.00712442
783 -33.1081 192.093 -130.671 0 -0.0414356 0.883656 0.4663 3.011 0.00937881
784 -135.998 -67.6609 -26.7622 0 0.0261942 0.88314 0.468377 3.011 0.00854123
785 82.9687 46.4402 103.921 0 -0.0886735 -0.534548 0.840473 3.011 0.0114142
786 -26.7579 54.3472 58.8365 0 -0.729255 -0.00615935 0.684214 3.011 0.00916852
787 -84.4512 -84.5238 76.8376 0 0.245867 0.106519 0.963433 3.011 0.00783016
788 -57.612 -104.422 -34.738 0 -0.0685966 -0.472704 0.878548 3.011 0.008224
789 63.0254 -62.8346 87.0382 0 0.114165 0.405614 0.906887 3.011 0.00777942
790 -3.44753 -79.8706 -58.8394 0 -0.0343622 0.987883 0.151346 3.011 0.00690373
791 80.6932 124.728 -18.058 0 -0.199777 -0.952349 -0.230479 3.011 0.0103133
792 -81.4532 6.38508 38.5516 0 -0.76489 0.231408 -0.60116 3.011 0.010345
793 26.0707 -5.50908 94.8969 0 0.802068 -0.112843 -0.586475 3.011 0.0110407
794 17.5281 -163.416 102.38 0 -0.36674 0.817183 0.44465 3.011 0.00990609
795 -107.482 -51.9162 -96.7371 0 0.782627 -0.428602 0.451437 3.011 0.011583
796 0.183839 -47.0485 149.035 0 0.938091 0.345695 -0.0218954 3.011 0.00859019
797 -142.832 160.004 -10.0952 0 0.473509 0.478133 0.739715 3.011 0.00971522
798 91.057 53.5232 -13.9742 0 0.489358 -0.0631611 -0.869793 3.011 0.0117728
799 26.8952 -97.3987 -10.1638 0 0.23605 -0.0592155 -0.969935 3.011 0.00489648
800 26.9533 -38.7657 -131.007 0 -0.900024 0.433265 0.0473112 3.011 0.0104361
801 111.7 -145.847 46.8646 0 0.957495 0.28838 0.00632453 3.011 0.0103064
802 -129.118 -143.353 70.3568 0 0.110523 0.669542 0.734505 3.011 0.00809792
803 -39.3208 -187.623 138.729 0 -0.449368 -0.685474 0.572882 3.011 0.0114692
804 15.1019 118.827 -75.7827 0 0.979019 -0.0361391 0.200537 3.011 0.00920041
805 -67.6825 152.855 14.6974 0 0.188756 0.0392398 0.98124 3.011 0.00841684
806 -18.5973 -80.2909 112.56 0 -0.744268 0.441216 0.501393 3.011 0.00591959
807 -144.02 109.441 31.9995 0 0.94861 -0.263485 0.175255 3.011 0.00751346
808 -56.9371 -58.0109 1.617 0 -0.894454 0.290918 0.339585 3.011 0.00876724
809 29.7556 -101.382 107.886 0 0.672061 -0.469999 0.572219 3.011 0.00800855
810 22.63 -61.3636 -122.929 0 -0.175393 0.420915 -0.889982 3.011 0.00997903
811 -71.4276 -120.298 -38.357 0 0.574757 0.704937 0.415595 3.011 0.0116414
812 -49.9491 54.522 82.4655 0 -0.470391 0.349772 -0.81018 3.011 0.00998159
813 132.26 171.912 -35.2833 0 0.49719 0.584301 0.6414 3.011 0.0105953
814 4.56991 -89.649 -5.36848 0 -0.832211 0.473189 -0.288994 3.011 0.00871691
815 -9.83559 -108.563 -60.5513 0 -0.470027 -0.878777 0.0826228 3.011 0.00880008
816 99.7744 98.2495 -42.3185 0 -0.238506 0.629171 -0.73977 3.011 0.00989527
817 -99.8066 135.302 -71.0036 0 -0.933456 -0.18757 0.305742 3.011 0.00493481
818 -23.1663 52.6715 114.147 0 -0.575268 -0.428206 -0.696927 3.011 0.0108121
819 -24.0257 180.673 -15.8128 0 0.319025 0.260532 -0.911233 3.011 0.0114893
820 93.512 49.8337 2.3669 0 -0.527031 -0.774228 -0.350443 3.011 0.00948436
821 5.85058 149.867 -64.6089 0 0.00290964 0.15585 0.987776 3.011 0.0104726
822 -139.687 -39.9106 -35.6294 0 0.71876 -0.303727 0.625408 3.011 0.00863706
823 -39.9265 -150.072 -140.413 0 0.0728033 -0.650091 -0.756361 3.011 0.00883477
824 -108.014 56.8121 31.2751 0 0.507457 0.65428 0.560718 3.011 0.042237
825 -98.2447 45.6276 -44.9826 0 0.0219012 -0.98721 -0.157914 3.011 0.010412
826 -119.837 -136.132 -0.682428 0 0.538118 -0.842869 -1.41859e-05 3.011 0.0125024
827 -39.3304 -50.642 -108.397 0 -0.68572 0.505462 0.523734 3.011 0.0106317
828 -91.3497 -181.944 4.54674 0 -0.125389 0.884421 0.449529 3.011 0.00743844
829 -103.787 34.5093 -54.507 0 -0.348321 0.516257 -0.782401 3.011 0.00577047
830 37.4682 172.164 -121.458 0 -0.701102 -0.267106 -0.661143 3.011 0.0102568
831 49.3152 -165.174 16.0397 0 0.545407 -0.173905 0.819932 3.011 0.00949187
832 26.5375 -11.2763 -69.6546 0 0.572869 0.479208 -0.664967 3.011 0.00932597
833 -34.0849 -12.9582 -9.41029 0 -0.40322 -0.268603 -0.874795 3.011 0.0110798
834 -101.769 52.5026 -60.9795 0 -0.301002 -0.675483 -0.673142 3.011 0.00498791
835 4.42302 18.652 88.0431 0 -0.438679 0.685242 0.581381 3.011 0.00915729
836 121.88 114.952 -21.9609 0 0.163044 -0.804609 0.570982 3.011 0.00716567
837 -92.6164 122.427 57.1406 0 -0.0791825 -0.84327 -0.531626 3.011 0.0105618
838 6.91531 -94.7019 109.079 0 -0.172333 -0.721829 0.670271 3.011 0.0119951
839 29.9215 -126.456 -14.6084 0 0.700465 0.521199 -0.487545 3.011 0.00799499
840 38.6661 -28.7998 -92.8344 0 -0.324614 0.283762 0.902278 3.011 0.0092076
841 -48.7898 -168.368 -122.39 0 -0.826266 0.264885 -0.497112 3.011 0.0102596
842 24.3461 -177.388 46.804 0 0.749561 -0.331378 -0.573016 3.011 0.0102261
843 27.7296 -86.38 -25.2977 0 -0.192961 0.467565 0.86264 3.011 0.00916691
844 21.5005 93.9476 27.513 0 0.0907768 0.31613 -0.944363 3.011 0.00889601
845 50.0428 -171.004 34.4372 0 0.770668 0.253477 0.584654 3.011 0.00938074
846 125.468 -44.4651 -69.7925 0 -0.984469 0.12195 -0.126287 3.011 0.00783912
847 53.5709 161.54 123.202 0 0.122481 -0.920536 -0.370961 3.011 0.00444792
848 -19.7516 189.098 51.6919 0 0.0521874 -0.986613 0.154505 3.011 0.00796733
849 99.6467 -103.068 -104.258 0 -0.181129 -0.234461 -0.955102 3.011 0.0108917
850 51.6374 14.8065 -30.8008 0 0.357973 -0.584933 -0.727811 3.011 0.00657795
851 -46.7179 -139.455 134.109 0 0.340516 0.499792 0.796402 3.011 0.0088386
852 25.2382 -69.488 -137.225 0 -0.0466319 -0.129708 -0.990455 3.011 0.00675909
853 33.885 171.913 54.8988 0 -0.692506 0.105681 -0.713629 3.011 0.0064688
854 -42.4696 108.399 39.2324 0 -0.257358 0.659461 -0.706313 3.011 0.0107204
855 118.289 60.6363 76.9137 0 -0.409451 -0.910923 -0.0506936 3.011 0.00846244
856 119.131 118.499 9.45513 0 0.777155 0.498782 0.383727 3.011 0.0102783
857 31.1833 -174.729 -142.645 0 -0.589707 -0.807043 -0.0304661 3.011 0.0120749
858 7.42716 107.055 -82.812 0 0.0268608 -0.235741 -0.971445 3.011 0.00908759
859 37.0367 -143.759 -41.5986 0 0.490624 0.658085 0.571151 3.011 0.00800725
860 63.6248 126.206 -98.8932 0 -0.980414 0.149697 -0.127978 3.011 0.0103586
861 67.7221 64.5307 49.7871 0 -0.45996 0.846809 -0.267117 3.011 0.0101996
862 -23.0632 33.4775 -67.0203 0 0.014504 -0.990143 0.139307 3.011 0.00704151
863 -35.4377 -5.03656 -113.931 0 -0.938085 0.326294 0.116316 3.011 0.00911173
864 20.6483 -89.4015 126.061 0 -0.912743 0.154153 0.378335 3.011 0.000308079
865 -45.4312 -127.962 86.1357 0 0.643536 0.338166 0.686663 3.011 0.00617373
866 -80.9878 -163.75 36.8023 0 0.424452 -0.521248 -0.740366 3.011 0.00962275
867 98.6097 144.532 79.4693 0 0.561494 0.223684 -0.796674 3.011 0.00896711
868 1.23269 54.9871 -113.76 0 -0.15704 0.217616 -0.963318 3.011 0.00850762
869 89.1617 -143.584 35.9858 0 0.964873 -0.24397 -0.0974628 3.011 0.0101091
870 103.981 -95.7731 -29.4282 0 -0.252038 -0.118408 -0.960446 3.011 0.00957342
871 -27.1935 65.3403 3.23772 0 0.961568 -0.0670474 -0.266256 3.011 0.00990616
872 -106.235 -39.945 -87.1391 0 0.140678 -0.302829 0.942605 3.011 0.00988806
873 -55.2853 16.3702 -67.8334 0 0.198529 0.979769 0.0252653 3.011 0.00866701
874 78.4336 -82.4745 49.6576 0 -0.469229 0.843068 -0.262792 3.011 0.0111665
875 25.263 144.188 -15.268 0 -0.268602 0.670719 0.691367 3.011 0.00879232
876 66.3095 -188.35 48.4015 0 0.421303 0.472493 0.774115 3.011 0.0101552
877 51.9783 -37.3514 123.806 0 -0.0122374 -0.860041 -0.510079 3.011 0.00790513
878 -114.352 158.484 64.4121 0 -0.871056 0.463977 0.161205 3.011 0.0116157
879 -116.555 -77.2633 0.760077 0 -0.481231 -0.851599 -0.207839 3.011 0.0103113
880 85.7826 146.619 11.9835 0 0.0210319 -0.525404 -0.850593 3.011 0.0889489
881 -85.303 136.348 51.9734 0 -0.800535 0.473996 -0.366703 3.011 0.0105447
882 24.2626 75.0059 -39.7328 0 0.900344 -0.433685 -0.0360434 3.011 0.00858803
883 -49.72 132.037 -109.555 0 0.0188594 -0.412182 -0.910906 3.011 0.00843669
884 66.9607 -175.413 124.504 0 0.41671 0.862647 -0.286692 3.011 0.00793651
885 -132.069 190.58 -29.154 0 0.691543 -0.714339 0.107183 3.011 0.0079692
886 20.1633 -33.3027 141.681 0 0.918115 0.125386 0.375955 3.011 0.00948589
887 82.1649 37.948 -54.8507 0 -0.737851 -0.52937 -0.418741 3.011 0.00651096
888 2.77612 193.094 0.0843872 0 0.851383 -0.176116 -0.494094 3.011 0.00987924
889 20.7323 59.8854 -53.2053 0 0.0471619 -0.662482 -0.747592 3.011 0.010723
890 -84.0397 -75.4388 -62.8499 0 -0.853269 0.400089 0.334456 3.011 0.00833474
891 -81.1165 109.408 57.4453 0 -0.481997 -0.125773 0.867099 3.011 0.0101585
892 -94.9061 149.555 -93.5778 0 0.493877 0.866305 0.0748404 3.011 0.00906889
893 43.999 46.8217 -62.6374 0 0.903149 0.424148 -0.0664839 3.011 0.0109425
894 -109.333 -129.689 38.1746 0 0.302208 0.237866 0.923087 3.011 0.00908604
895 -88.081 55.2603 115.576 0 0.87836 -0.390019 0.276351 3.011 0.00687572
896 121.132 -147.984 12.5386 0 -0.54119 -0.8409 0.000709891 3.011 0.00698813
897 -6.49475 -83.5616 57.8839 0 0.735564 0.354244 0.577457 3.011 0.0105956
898 -109.398 168.541 20.2603 0 -0.951656 0.300047 0.0657438 3.011 0.00710897
899 -46.1735 136.911 -59.7954 0 0.13686 0.979689 -0.146555 3.011 0.00685685
900 -14.2191 31.6241 -63.3168 0 0.27852 -0.585819 -0.76108 3.011 0.0114225
901 -49.6755 150.77 22.1767 0 0.442257 -0.53223 -0.7219 3.011 0.00852662
902 -21.4071 16.0491 -124.155 0 0.0599887 0.421034 0.905059 3.011 0.00677001
903 -97.5806 -10.5776 -6.24052 0 0.0870757 0.725682 -0.682498 3.011 0.00599415
904 -49.8593 65.6511 2.3225 0 0.382677 -0.923241 0.0344094 3.011 0.00599587
905 -106.6 122.423 91.2155 0 0.445223 0.887895 -0.115842 3.011 0.0098301
906 -5.70937 -170.686 -28.923 0 -0.649627 -0.72828 -0.218158 3.011 0.00696889
907 109.96 -65.8597 3.60206 0 0.339531 -0.754448 0.561718 3.011 0.0103216
908 23.9153 -33.0202 62.3621 0 0.261763 0.507075 0.821191 3.011 0.00987675
909 -16.9075 -52.4138 -58.6793 0 0.481118 -0.87665 -0.00325441 3.011 0.00602915
910 4.53882 -103.893 -102.001 0 0.589504 -0.481816 0.648335 3.011 0.00937808
911 -143.987 -64.0015 -21.8498 0 0.57476 -0.108496 -0.811098 3.011 0.00986837
912 -87.1647 85.4898 46.2943 0 0.0298388 0.62354 -0.781222 3.011 0.00822028
913 -9.87409 38.0747 -76.5693 0 0.636755 0.386903 0.66697 3.011 0.00951414
914 38.0827 113.012 135.84 0 -0.00748611 0.715229 -0.69885 3.011 0.0107821
915 -28.7309 16.2095 -7.02749 0 0.248661 0.453621 0.855801 3.011 0.00930535
916 -91.278 161.988 -20.5404 0 0.214653 -0.91042 0.353637 3.011 0.00939791
917 97.5641 -126.719 -106.246 0 -0.238146 0.283359 -0.928975 3.011 0.00915494
918 -94.9975 188.577 101.194 0 -0.301689 0.186438 -0.935 3.011 0.00875659
919 -6.96722 -146.226 -31.1 0 -0.519353 -0.625149 -0.582633 3.011 0.102365
920 -28.8526 123.789 -11.016 0 -0.918234 0.357525 -0.170361 3.011 0.00811752
921 74.8466 -24.48 -34.177 0 0.839391 0.270312 0.471544 3.011 0.00913739
922 -86.3011 80.219 -108.328 0 -0.636026 -0.766655 -0.0878124 3.011 0.0107674
923 87.483 193.506 -3.74699 0 -0.194309 -0.256693 0.946759 3.011 0.00569796
924 -53.9918 137.047 30.9457 0 -0.888073 -0.453425 -0.0757072 3.011 0.00890452
925 41.9494 126.96 -21.2811 0 -0.204721 -0.604238 -0.770056 3.011 0.00631731
926 -71.4142 105.78 -32.575 0 0.131336 0.943262 0.304973 3.011 0.00790604
927 -33.6265 -57.5677 -97.2445 0 0.576551 -0.297357 -0.761031 3.011 0.00269602
928 -4.56796 97.2822 -118.181 0 0.684576 -0.244964 0.686548 3.011 0.0119004
929 138.498 42.443 50.6366 0 -0.886712 -0.389102 -0.249685 3.011 0.0109592
930 25.0309 -151.045 92.038 0 0.844778 0.0237774 -0.534589 3.011 0.00896548
931 -113.772 -31.9593 36.4614 0 0.212254 -0.581604 0.785293 3.011 0.00875131
932 124.083 32.9426 33.7391 0 -0.872698 0.432087 0.227372 3.011 0.00849342
933 -136.501 -68.5222 -28.7508 0 -0.494946 0.265209 0.827461 3.011 0.00598801
934 -45.9727 178.078 -13.1997 0 -0.937614 -0.347332 0.0155137 3.011 0.00882427
935 118.704 -2.3446 -85.1147 0 -0.638613 -0.701285 -0.316816 3.011 0.00895792
936 -18.3454 -68.6248 15.7366 0 -0.423648 -0.81907 -0.386842 3.011 0.0110736
937 108.4 38.0851 66.5805 0 -0.437431 0.447159 -0.780194 3.011 0.0086695
938 -144.409 69.3557 11.5924 0 -0.932485 0.203358 0.298525 3.011 0.00938547
939 -59.7458 -77.7252 -58.8718 0 0.864866 0.421024 -0.273397 3.011 0.0118282
940 -26.5944 -166.73 -56.1391 0 0.626522 0.767548 -0.135427 3.011 0.0113623
941 -109.139 159.402 -24.1089 0 0.428612 -0.486046 0.761611 3.011 0.005998
942 -67.0176 -87.2773 -12.4925 0 -0.866024 -0.240089 -0.438588 3.011 0.00710971
943 0.722516 168.047 143.826 0 0.21862 -0.431073 -0.875432 3.011 0.0104337
944 62.1968 36.5072 -83.8111 0 -0.75612 -0.591095 -0.280872 3.011 0.0101531
945 33.2876 15.1505 -36.9677 0 0.422676 -0.900793 0.0995828 3.011 0.0095969
946 -122.46 168.23 21.5583 0 -0.685811 0.562727 0.461521 3.011 0.0107893
947 43.9487 -178.414 -11.3332 0 -0.657958 0.672389 -0.339092 3.011 0.00660206
948 30.9357 -74.9273 123.919 0 0.133758 0.470107 0.872415 3.011 0.00762277
949 12.8095 -98.7574 -44.0736 0 -0.670088 0.539124 0.510222 3.011 0.00955153
950 55.8662 146.944 67.7409 0 0.961003 0.275245 0.0267016 3.011 0.0468317
951 -70.6948 -89.4662 45.1034 0 0.600097 -0.781677 0.169896 3.011 0.00620542
952 52.925 -40.9039 18.637 0 0.66458 0.334551 -0.668138 3.011 0.0087722
953 -22.4743 114.944 -74.7076 0 -0.826653 0.391661 0.404039 3.011 0.00883462
954 -149.727 -34.2624 7.89101 0 0.897498 0.291274 0.331145 3.011 0.00921448
955 -82.8681 -56.1527 61.2326 0 -0.0609228 -0.626696 -0.776878 3.011 0.00567799
956 17.8902 -100.048 -91.301 0 -0.538515 0.72799 0.424302 3.011 0.00912523
957 13.0418 191.569 89.1297 0 -0.998175 0.0551906 -0.0245082 3.011 0.0109469
958 -144.513 41.3399 -14.6657 0 -0.245326 0.968898 0.0324467 3.011 0.0103519
959 23.0076 -28.2862 -126.66 0 0.499162 -0.447072 0.742269 3.011 0.00681569
960 -132.869 -142.517 60.8875 0 -0.312741 -0.815609 -0.486801 3.011 0.0046735
961 -95.4589 89.2633 -95.4737 0 -0.237782 -0.873307 0.425199 3.011 0.00864526
962 116.617 27.2649 -18.3932 0 -0.294122 -0.638552 -0.711157 3.011 0.0101543
963 -57.196 -89.6246 -21.1467 0 0.801673 0.443958 -0.400277 3.011 0.00697669
964 -11.4402 -34.5587 -142.614 0 -0.287882 0.906649 0.308401 3.011 0.0099431
965 6.04334 -125.71 -92.1634 0 -0.966122 0.0881934 -0.24255 3.011 0.00634663
966 11.9638 -8.97528 -103.226 0 -0.572076 -0.781051 0.250376 3.011 0.0088977
967 -7.83448 11.3244 -130.385 0 0.426086 0.494304 0.757703 3.011 0.0119243
968 -20.098 -99.6872 33.4524 0 0.353914 -0.771023 0.529404 3.011 0.011095
969 -96.9146 -116.406 -2.27523 0 -0.206151 -0.933779 -0.292504 3.011 0.0106605
970 100.53 162.108 -3.94633 0 0.180834 -0.548327 0.816478 3.011 0.0117841
971 -22.9008 50.708 90.7503 0 0.892034 0.34477 -0.29225 3.011 0.00968568
972 57.8705 186.632 115.145 0 -0.601196 0.344468 0.721044 3.011 0.0112968
973 8.63085 -131.331 -9.02175 0 0.973712 0.226725 0.0219263 3.011 0.00810102
974 -72.1273 -56.802 106.019 0 0.58445 -0.809463 -0.0564634 3.011 0.0126785
975 -96.2856 192.122 110.529 0 0.089712 -0.884525 0.457785 3.011 0.0103282
976 -14.4685 71.9034 13.0155 0 -0.465382 0.853528 0.234327 3.011 0.0100007
977 -42.1839 87.099 22.9128 0 -0.714706 -0.209316 0.66737 3.011 0.0100381
978 95.0092 51.9624 -84.4122 0 -0.946743 0.212294 0.242091 3.011 0.0101133
979 143.5 -17.6725 32.8916 0 -0.546559 0.565725 -0.617437 3.011 0.00852523
980 -29.677 -77.9355 -34.7672 0 -0.74585 0.615958 0.25358 3.011 0.00839339
981 -10.1867 -52.0882 148.063 0 -0.490674 -0.868983 0.064085 3.011 0.0105295
982 -45.8498 94.3449 40.4126 0 0.441957 0.640527 -0.628012 3.011 0.00967177
983 -71.3609 67.6567 -10.9053 0 0.417622 0.74714 0.517083 3.011 0.007117
984 38.6566 35.8014 -9.61819 0 0.53555 0.803994 -0.258418 3.011 0.00900978
985 -113.255 55.6773 -27.1616 0 -0.834497 -0.540257 0.108338 3.011 0.0104337
986 103.637 126.556 11.0423 0 0.489634 -0.585868 -0.645769 3.011 0.00769024
987 -24.2699 84.5963 93.957 0 0.0214403 -0.893721 -0.448111 3.011 0.0086678
988 71.952 -40.917 -95.2963 0 -0.76052 -0.648457 0.0333656 3.011 0.0108267
989 -137.163 67.9231 -44.8667 0 -0.678969 -0.183734 0.710804 3.011 0.00892537
990 64.2188 150.067 -33.0875 0 -0.935512 0.171307 -0.308985 3.011 0.0113027
991 -74.4037 -173.407 -97.4135 0 -0.99269 -0.0419907 0.113155 3.011 0.00742291
992 49.5465 88.8065 -5.12698 0 -0.00664619 -0.991908 -0.126783 3.011 0.0104317
993 70.2518 146.525 -3.56562 0 -0.572243 -0.754659 -0.320979 3.011 0.0100301
994 -116.851 -35.0138 59.5615 0 0.0771265 0.715735 -0.6941 3.011 0.00993807
995 -77.9672 -147.033 -19.6693 0 -0.704391 0.512905 0.490675 3.011 0.0541234
996 129.758 -76.7345 -53.9385 0 0.425351 0.153096 0.891986 3.011 0.00929342
997 -22.8254 135.285 -23.0434 0 -0.694166 0.598371 0.400108 3.011 0.00982521
998 -96.8746 -59.7697 -89.2754 0 0.1404 0.480575 -0.865641 3.011 0.00895253
999 -47.5539 43.9197 75.7695 0 0.400747 -0.397186 -0.825618 3.011 0.0113234
