58.45133473412924
62.61486219129976
66.00866102880686
62.41637422896916
21.642663888038093
32.3850170708948
62.10471450175868
25.654516304341204
50.70178971936451
34.64081930650675
111.87669518846333
47.94143304234441
25.15553422824851
59.326235666743116
58.6535999748784
95.34493345650597
54.540703956061
63.44001147382618
38.23141940431592
41.771950469088914
73.79801922603133
45.80594118344234
44.826620333390544
27.120102711083337
79.09146093101332
74.72415306252067
75.89759531502081
10.77014946126045
78.19107557174019
76.60029544806386
22.996873931360454
31.624961667975356
52.75667796132379
37.70684700962142
78.77115232133293
51.96425830636908
34.28294034255238
57.723874315098534
71.29166005541747
43.990725385185485
66.59977389697453
68.1714901926096
101.75271695108454
66.41166072787749
34.97002615033391
14.359049792945097
142.77520554281563
37.97167271626186
54.52044438393734
25.832981767865586
40.758414727784036
119.1834874919777
83.54756846791574
52.64161789158167
66.55060357354073
74.52070452224802
90.71326314051214
63.99799416430035
93.406192142929
64.07290133138575
54.34775670143475
27.31593300069192
55.58374881417355
68.93289280923324
73.10213487576841
27.118325898818227
80.12744602406818
83.71655631694072
34.24980048070454
23.722837079901335
27.482472427101943
57.83697870184345
44.20001280338716
51.304227832212355
64.78297459366195
68.24342549780505
61.39479017221157
38.27668098114302
61.13040000375251
41.83181662025887
63.549912425694124
83.79767030973038
67.18132181980523
54.07442198990203
62.77495074261965
57.54612614861506
93.51884911460706
55.273777496316804
80.88572020127752
69.03223549166128
34.96866894990436
47.09575029527281
58.19211580530043
85.41600620397608
81.18242837359283
68.19114819168682
36.6383784704889
92.3147341121445
89.77573409230563
36.40795561682317
51.031308171869426
34.50575861274766
52.281609091531436
44.77922573766554
92.83049877212679
38.20322504947325
46.290540544071256
69.87107325926598
55.34997201601419
47.600730668011245
50.44009562645241
61.300718748232576
74.80372522142153
63.60553380081406
44.25321894147358
30.90793485515366
52.440372450300266
42.51961776224566
49.02807660530057
55.30532907231185
172.6513586279414
60.40750302806881
26.883620622115835
48.673436481375184
78.03541360977177
77.59444434242306
37.12726767666741
59.60256751450107
72.72477353468464
79.94229712533048
15.260515341849771
91.64901531753324
50.36248186021404
71.92873408539623
109.27199693324673
80.26042001975316
31.17487500932244
47.987530359183104
54.01556919005047
22.22858688469292
51.89180267124959
35.5805994587725
13.633445873316317
50.830469112160635
25.482951136314906
33.62220016200464
56.179357871296276
49.20572685043006
72.77457636496547
72.21286021622569
77.69044396893231
38.460800442604565
29.96696192975481
94.79828677704525
34.12192518130454
86.49069619828417
145.78345457207135
39.99800047172821
58.6897103806578
58.93559598322071
65.94770919787558
56.62860944890396
44.875931124081475
86.94477276508874
100.44585069439512
57.60559345589472
37.95061543227918
46.748183622610604
65.68262725576966
50.564677544168525
44.68555198525889
66.47864760897475
52.94961468881176
79.38256136476282
82.20193298236853
88.63463750781025
53.70766028473888
45.19937177227405
77.39653768320662
27.327690224627077
68.60695409492955
52.23449807364456
99.91646414936562
39.807636269568434
64.75820466138458
68.69149368688765
18.63705377463476
57.14904324585009
64.46571770894512
48.94301527032111
25.688915777363157
75.87730554781895
49.48589277809406
65.42815576558601
36.01016641291444
79.77505626653901
93.05539251801945
44.23179270119032
68.24635518976591
45.95406486727608
32.2632567888201
59.146224727154554
70.417488884552
56.69901964751395
31.181549387059913
23.198262119097052
66.4682052021959
39.56711787585844
62.511344640586636
63.86947693778449
61.05123348972915
84.30541731929851
59.798029056455746
54.80687043646204
71.71735496337203
36.45602351263992
57.90678295518563
27.704362680221955
56.20171895333053
118.60971680174133
50.374682722009624
58.570101150676145
51.00705357009589
54.96702786297719
42.36577655522821
37.02009979023175
75.70053172338586
61.202604339266784
26.329070946082414
72.53120463742103
70.23180853416392
77.55007526675452
69.67780645901091
20.0266857614156
85.52334855915201
57.92330965719411
45.94593277630008
68.79093671089953
38.216204676832426
47.99044184726695
76.17255747338108
131.20502035598622
46.822581688540524
64.37322304132351
39.229125312601155
53.2371475498613
68.1451202104319
54.040073025608336
59.85350510443748
113.81374091174342
82.98252459474043
45.46496420914103
82.76912519255804
36.73291511827321
28.117279598497515
65.37864028811245
57.35673808278242
69.8192872499099
31.030435468088836
83.25794504048784
62.45063199985785
58.89941012850425
56.78794216023837
53.60132100037119
99.3245505215004
66.1802940648201
47.64073340938422
35.26894017705369
50.067886594912636
81.67254359473768
33.842632344602585
77.92401104427843
51.06744789252178
38.73125275512526
42.58919085739326
61.12099838476451
20.43269648337439
63.07567341960995
21.63568714367742
87.75666000527087
17.09945146297843
55.714647389818616
59.906244884494555
62.543849016448156
72.59328420277009
64.79592325959372
28.31984870274782
57.0534134571386
44.148510145408636
55.275984947307684
43.92474397522761
82.98183182620069
97.50147775593189
35.013925960759565
38.94353365845708
12.779067541077797
66.12588151457228
73.70869508201397
22.74520434540431
69.64981108056956
69.44381423392224
46.70383519072284
51.1828639037986
42.76666216495012
76.25242641512982
20.245398563945084
54.31595098694429
52.997962092261176
73.53144733331037
30.963839808346734
71.21332505128375
121.12593998209658
90.89947244351731
68.14242956342167
59.37780933753231
81.69907872863675
77.18647663703958
90.87345965258274
35.83269985361061
70.98811892041532
71.66468553540224
40.392690592241145
74.95681884451125
88.22286000796551
78.31660730746674
55.34939959752318
82.97351636700158
47.39068453575289
60.903125687152524
81.81101180206768
58.513999886992416
38.855803691206226
60.6139307848897
55.036224218096336
77.24187154471038
71.87936724567209
56.48925031990026
74.17873761472985
83.37236571073677
59.44555016179012
89.82314301102643
30.881967435347086
57.84959684520981
55.20280221464897
64.24243421657597
46.198401697541755
75.22721776294489
61.87386273529468
62.038853610587836
91.917524505049
47.23985471124178
62.74401430070125
53.622252790817335
66.07123983781561
43.30600944123452
62.21767892531045
62.97446572228434
39.57972938849452
102.29821003283615
53.39635669137551
39.497215378240604
53.03764273755784
84.46984054002837
36.16135904275834
68.40189269756951
78.74869546672302
25.45168562289761
41.686816207362256
70.02336624748266
40.60088838153645
68.56646804591776
74.27202026036062
39.58881625844011
45.74726386876345
57.09873026034254
48.78409721222367
70.71870338245004
43.78838992194078
23.48682631619817
38.9930154549293
72.81216479358488
39.23901950714809
51.09387433914655
117.71988583164966
71.14039364073936
33.04204273979153
68.20514349823078
52.38045276136987
47.35689937318241
44.46244854322875
55.12251629911079
22.735003154517184
51.79497157766411
72.38256986053304
63.212945905140195
100.76174963006927
69.2919168316907
77.422648669954
82.45885019665222
19.80143598675466
48.5589562078655
41.6137496366828
21.961051553918633
76.69566087720747
37.29007556635146
33.625522715094874
51.80355295342056
64.99860183668665
68.66400807808246
77.70962428392636
55.311921225624296
94.62528338097765
58.67738372239349
44.64670028088139
22.532019184788872
53.80800002717044
76.15407504003905
80.40400861752791
45.776118348744454
60.9793128142734
63.59033231810241
67.91111631591717
54.11135790968262
51.01902252329049
30.355504037629924
61.30458614675737
75.85203419817029
27.169193698481934
52.38424057511145
30.77838976453562
75.31968747229294
47.11323202999929
86.85635612658449
102.26333636792813
67.81851541299692
48.65503648124743
63.19649538420851
81.26085697217617
50.60411175897466
27.639154166062458
55.94106763396341
49.95012722161931
45.83773468959395
36.70577947008781
87.58859504379612
54.15144397716347
44.30502307291622
45.3393248969476
85.24701360080171
18.009861555207596
41.83201468355279
28.310017807737438
31.573988563600494
84.24250054659637
37.545478061967444
59.59657115092981
49.690340974292454
44.277519189760596
36.31811632528693
90.42163264188028
48.361801011308195
69.99824622884348
51.35378173190278
49.432398474168245
79.71854399176875
58.40630381729169
85.0399589629731
80.66658227704312
39.40042948000668
81.72137284845913
41.74985134094979
64.11305635738198
47.273332550260676
21.627364590153494
28.371943913974093
44.36475950966448
80.25613664283213
75.4020425003214
53.9826293788149
46.0731910749479
27.246500906280538
65.4386867736392
77.88110816775882
62.56829689153686
39.44553237843051
63.60093021386553
70.97337956166997
44.42063879524799
60.302752799328495
57.01603183722795
59.339107150099636
57.04271469195375
47.67565084265836
67.69856630930695
80.97464575585607
29.896886341284826
40.210349639141576
61.25155791346057
53.80985291524916
36.92792013017445
