eventNumber clusterCharge clusterPE clusterMaxPE clusterChargeBalance clusterHits
1 0.153084 129.216 11.0367 0.14596 68
2 0.0485306 42.4624 8.20969 0.251978 28
5 0.126634 114.872 19.5175 0.205811 62
6 0.179659 149.81 17.5483 0.166467 75
7 0.283852 234.193 16.8936 0.140357 93
8 0.275534 228.981 20.3238 0.148191 85
9 0.0877209 72.1579 10.2244 0.197565 44
10 0.212567 180.325 10.8014 0.144473 73
11 0.151057 125.34 7.09369 0.118424 76
12 0.235977 191.942 9.92452 0.119575 89
13 0.0138467 13.0407 1.47585 0.284062 13
15 0.204378 170.165 14.818 0.149118 81
16 0.0135612 11.2051 2.61859 0.362818 9
17 0.165895 137.551 16.845 0.203899 55
18 0.153508 130.76 16.6696 0.168693 67
19 0.301743 254.783 31.3954 0.155735 103
20 0.300121 246.282 23.1918 0.138147 85
22 0.182042 152.333 9.51544 0.126194 80
24 0.16477 144.158 40.2766 0.330325 48
25 0.201992 172.44 13.0083 0.165464 66
26 0.245358 203.25 34.0079 0.265715 52
27 0.167549 140.579 15.6316 0.176311 73
28 0.238345 196.593 33.7204 0.238357 75
29 0.106862 92.977 10.2975 0.177701 56
30 0.212287 184.967 10.7456 0.128029 87
32 0.283384 234.364 11.0604 0.112995 94
33 0.148388 132.311 26.6238 0.291074 54
34 0.283283 231.241 22.4201 0.169664 83
36 0.0341229 28.4417 2.46884 0.214159 25
37 0.174324 145.156 16.8706 0.184634 68
38 0.0828583 70.7023 8.91762 0.190055 47
39 0.354063 298.743 22.191 0.154437 81
40 0.11411 98.478 9.11316 0.185286 52
41 0.111549 92.3757 23.3959 0.309626 40
42 0.124387 104.556 6.76271 0.142732 58
43 0.309268 261.448 26.4686 0.176689 78
46 0.254914 217.1 22.0934 0.19286 66
49 0.324711 283.201 40.9786 0.219181 76
50 0.288068 262.267 58.9332 0.259272 88
51 0.155948 128.395 10.6135 0.175664 65
55 0.147617 126.404 11.2489 0.152274 64
56 0.0752646 63.8394 5.1244 0.148352 48
57 0.311622 261.383 27.8323 0.162935 94
61 0.156576 134.276 14.4621 0.196383 58
62 0.166641 147.47 13.6898 0.196461 53
66 0.371323 311.575 33.5779 0.183944 82
67 0.347024 283.559 24.9112 0.15902 85
68 0.0351913 29.1277 3.92793 0.234137 23
70 0.0964428 79.7781 4.99214 0.152068 51
71 0.172294 144.32 19.5824 0.200641 63
72 0.150156 128.567 23.7722 0.241715 47
74 0.254639 215.502 25.4323 0.152965 85
75 0.0492311 39.2523 5.58101 0.241758 23
78 0.197195 165.901 31.0311 0.230363 69
80 0.23864 205.677 11.776 0.124448 93
81 0.192318 158.354 8.23628 0.122252 86
82 0.150198 127.027 10.8079 0.139952 70
84 0.0389574 33.4736 2.6365 0.202163 27
85 0.144597 122.238 5.37666 0.116417 73
86 0.0460438 38.8684 4.9622 0.190408 32
87 0.315798 276.151 22.2357 0.146123 98
88 0.285827 238.204 10.3577 0.0968476 106
90 0.276745 239.578 39.113 0.207644 78
91 0.172666 140.334 30.0958 0.247985 54
92 0.31922 269.965 22.8638 0.168186 80
93 0.0528739 46.272 2.95014 0.1705 38
94 0.136728 113.309 11.9038 0.164572 70
97 0.182389 154.387 10.9355 0.140909 68
98 0.134511 111.588 15.5836 0.188417 60
99 0.0167067 14.0777 5.48402 0.440914 9
100 0.253722 211.137 37.2288 0.23061 72
101 0.0332286 26.5934 2.91223 0.214383 22
102 0.0153389 12.8645 1.51389 0.287855 12
103 0.0429089 41.5484 18.9683 0.471818 20
104 0.311343 259.247 14.74 0.131768 97
106 0.185329 153.378 10.6374 0.122393 82
107 0.00731872 5.72175 1.61879 0.454496 5
108 0.103565 84.3727 10.0647 0.188636 46
110 0.297971 249.189 77.2057 0.323857 81
111 0.0482134 39.7227 3.40977 0.192448 34
112 0.205232 170.791 11.4539 0.149544 69
113 0.315868 263.592 19.446 0.143847 87
114 0.0602413 49.7305 6.48831 0.224551 29
115 0.266806 221.446 20.5261 0.216412 60
116 0.258602 218.818 13.6409 0.143783 81
118 0.204916 168.862 23.0333 0.167843 77
119 0.202138 173.232 16.6761 0.155109 78
120 0.254414 209.876 8.9848 0.102925 95
121 0.305075 249.685 28.7086 0.191176 87
123 0.308631 244.469 30.4841 0.234144 60
124 0.0833393 69.8871 7.43362 0.180312 47
125 0.2776 230.16 14.2323 0.136011 92
126 0.106961 88.2955 23.6198 0.295652 43
127 0.145357 122.76 18.7821 0.255395 55
128 0.0339543 31.0128 11.6545 0.433901 13
129 0.0423205 34.0298 4.58225 0.229921 26
130 0.207389 173.601 23.6364 0.15878 84
131 0.00788481 6.89091 1.55048 0.417587 7
132 0.142898 121.006 8.10416 0.153874 67
133 0.0876015 66.3809 26.7273 0.476212 23
134 0.052849 44.1963 3.6945 0.183566 34
136 0.272765 235.283 25.3411 0.180609 84
137 0.0726276 60.0294 6.29246 0.175689 44
140 0.076635 65.0306 10.2627 0.212224 40
141 0.11765 99.0089 8.69216 0.153996 62
144 0.0108374 8.74445 3.58295 0.486776 7
145 0.291675 240.809 25.2011 0.200512 69
147 0.235952 198.872 25.2367 0.16506 76
149 0.0188518 15.7901 1.94826 0.261011 15
150 0.274774 225.663 21.3607 0.143545 99
152 0.253391 202.418 28.8945 0.193761 70
153 0.302986 252.349 22.5993 0.147851 88
154 0.201397 163.786 16.4673 0.188995 61
156 0.0370324 31.2693 2.34453 0.198094 26
157 0.0405266 33.5333 3.49691 0.220751 25
159 0.232568 193.512 19.0208 0.175662 73
161 0.1728 137.929 18.5109 0.195701 63
163 0.118746 102.259 31.0327 0.323572 51
164 0.0187425 15.8422 2.06401 0.255358 16
165 0.337536 276.199 18.6109 0.140454 94
166 0.213574 178.853 12.8751 0.142566 80
167 0.0955724 81.0724 10.2214 0.212095 42
168 0.109976 91.689 9.29336 0.164472 53
169 0.0120342 10.8487 1.83814 0.311076 11
171 0.0629099 60.5825 8.73132 0.232154 36
172 0.151382 124.468 11.1068 0.163448 63
173 0.355607 288.86 37.3879 0.195407 84
175 0.0607726 49.7887 4.91351 0.186221 34
176 0.279942 224.028 23.2681 0.199862 65
178 0.220596 179.329 18.8254 0.181571 67
179 0.19617 169.302 19.7946 0.165437 76
180 0.103028 84.766 8.24832 0.173204 49
181 0.334281 270.853 51.1579 0.230239 81
183 0.0214941 19.8723 3.66305 0.303141 16
184 0.224037 189.783 10.0217 0.123587 92
185 0.244388 204.59 21.0137 0.158286 82
188 0.190527 159.052 10.0026 0.12877 77
189 0.0147414 11.9253 2.14932 0.309407 11
190 0.0191045 16.568 2.3396 0.261493 16
191 0.0510856 43.0775 3.34928 0.182608 34
193 0.0875633 74.0995 9.85596 0.20194 45
194 0.0525965 41.5875 7.3927 0.254216 27
196 0.22133 185.107 15.8957 0.179807 69
197 0.116247 101.426 22.9843 0.262959 47
198 0.221642 187.69 9.50557 0.121529 80
199 0.158115 140.592 49.805 0.430833 35
202 0.00708774 5.97798 1.27394 0.396147 7
203 0.200686 168.606 16.5249 0.176055 67
204 0.292555 235.61 23.2362 0.143809 93
206 0.319256 276.873 61.3355 0.340857 57
207 0.117614 97.1226 14.5267 0.197287 55
208 0.164095 139.759 21.8609 0.186848 68
209 0.0109749 8.64008 1.68976 0.368592 8
211 0.131526 110.702 11.3751 0.193086 51
212 0.141968 120.174 12.1844 0.170537 65
213 0.255768 215.333 29.0206 0.177206 85
214 0.120386 98.571 17.5105 0.244429 50
216 0.132053 112.259 11.2401 0.141636 62
217 0.215822 184.196 21.1502 0.191954 84
218 0.125609 103.718 10.6909 0.173178 55
219 0.0048843 4.18372 1.04348 0.44987 5
220 0.110226 92.3613 14.9524 0.235113 46
222 0.243159 203.403 16.0479 0.156805 84
224 0.204299 173.974 16.0247 0.16429 69
225 0.256188 215.115 24.8028 0.167411 74
226 0.120858 98.3404 8.36486 0.162567 58
227 0.10876 90.4976 23.1625 0.316995 42
228 0.167483 145.04 33.5809 0.261448 60
231 0.100172 82.6506 4.70727 0.14094 58
232 0.191817 160.934 24.3126 0.178892 80
233 0.164581 136.427 9.52877 0.141879 62
234 0.258876 214.649 18.2943 0.173719 80
236 0.370897 310.848 12.9761 0.117855 105
237 0.289576 240.243 26.3118 0.168122 84
238 0.188864 157.889 10.0208 0.121297 91
241 0.252547 210.892 32.3672 0.190935 83
242 0.118665 98.5704 5.03227 0.128795 70
243 0.0481369 48.2217 10.9943 0.274447 35
244 0.283188 235.483 9.05217 0.096209 113
245 0.367036 318.747 23.2613 0.146224 99
246 0.301363 252.049 23.4338 0.146809 89
248 0.243139 214.291 26.0628 0.230176 58
249 0.293996 235.632 20.9949 0.145634 91
250 0.181101 162.899 27.3298 0.227983 68
251 0.115319 93.0704 21.7816 0.268773 46
254 0.108176 91.4872 15.5529 0.203298 55
255 0.0909343 73.924 16.6015 0.283838 36
256 0.244544 204.385 21.4979 0.18476 65
257 0.171015 149.093 27.5339 0.241974 58
258 0.142199 117.569 36.4395 0.313976 65
261 0.307709 262.519 17.1732 0.135831 94
262 0.27091 228.923 13.3356 0.119689 95
263 0.0278494 23.4018 2.37016 0.231018 19
264 0.349049 287.587 30.0235 0.188795 75
265 0.171099 140.439 19.4868 0.206254 59
266 0.117993 99.6718 43.7756 0.464176 28
267 0.346668 289.052 14.7752 0.10908 120
268 0.281604 233.957 36.2454 0.173683 103
269 0.0670331 57.4387 11.6813 0.249268 34
270 0.0725696 59.5222 3.72306 0.150529 44
271 0.20017 164.206 36.215 0.26873 64
272 0.152991 137.401 49.5425 0.426193 38
273 0.1097 93.0031 10.0093 0.18204 51
275 0.260591 219.616 19.5181 0.159891 79
276 0.314032 271.206 27.2217 0.175958 80
277 0.0530738 44.739 3.37223 0.179071 39
279 0.226472 187.719 11.5505 0.118515 94
280 0.218335 181.706 18.5188 0.153895 91
281 0.280763 225.985 14.7428 0.127669 94
283 0.326391 265.607 28.7046 0.166538 96
284 0.049571 42.2796 9.28968 0.280922 25
286 0.397775 328.723 24.9968 0.143133 103
287 0.142347 120.692 16.721 0.179889 60
288 0.102957 89.1019 6.08189 0.151191 56
290 0.108325 90.1906 12.6112 0.186578 58
291 0.177177 148.217 20.3073 0.215969 62
292 0.117676 104.748 34.5728 0.355964 40
293 0.132759 111.494 39.0943 0.369613 47
294 0.33599 283.622 20.5466 0.135928 107
295 0.0612489 52.5084 5.47735 0.212944 32
296 0.284975 241.614 20.3829 0.157438 99
298 0.256707 216.279 16.4646 0.154365 89
299 0.0844568 70.6082 19.6512 0.307807 36
300 0.376657 307.613 17.9049 0.133281 114
301 0.33726 285.35 15.5975 0.102938 116
304 0.262438 219.26 29.3074 0.18673 80
305 0.300592 251.101 17.9426 0.129149 105
306 0.24839 205.929 10.7893 0.105033 104
307 0.0394707 35.2476 5.12388 0.222309 25
308 0.0206132 16.1529 2.63406 0.265685 15
310 0.192274 160.217 19.0476 0.184139 69
311 0.073956 63.1376 6.19572 0.174731 40
313 0.0604727 48.7953 9.46674 0.257053 29
314 0.00874718 7.21149 1.27718 0.362205 8
315 0.297989 248.743 16.2503 0.123792 104
316 0.04259 34.7784 3.77639 0.21551 25
317 0.140968 117.583 11.1702 0.19306 56
318 0.141573 125.201 12.0136 0.173342 61
319 0.0796938 67.6268 3.78375 0.14164 52
321 0.189806 158.119 12.1856 0.170552 67
322 0.0266304 23.7659 3.84125 0.269526 19
323 0.0314205 25.7683 4.51997 0.264394 18
324 0.175564 183.747 35.9972 0.263551 69
327 0.186608 157.158 13.4555 0.160044 73
328 0.191741 163.342 31.3884 0.258809 52
329 0.0945051 78.7755 7.73427 0.167556 52
331 0.32897 273.796 10.9149 0.102311 113
332 0.171803 146.784 31.8253 0.279795 47
333 0.284816 244.224 22.8415 0.219343 67
335 0.136932 114.591 19.9763 0.229984 50
336 0.304051 255.131 17.5653 0.165202 92
337 0.0367912 30.2728 3.46447 0.218424 23
338 0.0565239 47.1879 5.17801 0.193234 38
340 0.209249 174.794 21.1902 0.194927 66
343 0.166004 139.741 13.937 0.172862 65
344 0.0830709 70.9701 10.9254 0.192981 47
345 0.332758 273.957 25.8363 0.16983 82
347 0.352446 302.425 34.7456 0.179202 101
348 0.135603 112.892 6.22501 0.131575 72
349 0.0330467 27.1612 3.7 0.251681 24
351 0.291639 247.837 26.4981 0.15337 84
353 0.0168472 13.4883 2.48525 0.325693 11
354 0.127391 109.617 17.7612 0.212803 51
355 0.0711848 58.7974 8.88456 0.216502 40
356 0.314686 265.255 19.3541 0.130487 102
357 0.189203 161.397 18.3994 0.158731 82
362 0.246186 192.773 26.8568 0.206899 66
363 0.0117906 10.2346 1.58099 0.327924 10
365 0.0942298 78.3209 15.1653 0.267225 36
366 0.211348 174.507 11.6294 0.121051 87
367 0.336219 289.359 25.8384 0.187583 80
368 0.0108415 11.3777 3.59076 0.461705 6
370 0.0106639 8.41087 2.56573 0.41153 7
371 0.211702 174.475 19.9553 0.174695 70
372 0.277147 228.633 30.7654 0.187698 82
373 0.079641 62.7164 3.74992 0.159282 41
374 0.0870309 75.8794 7.13424 0.177434 47
375 0.0314495 27.0754 3.13421 0.228687 22
377 0.106526 88.0828 6.87807 0.150884 51
378 0.119325 100.255 5.29717 0.142144 57
379 0.359594 299.105 13.281 0.108126 120
380 0.208064 172.35 20.6037 0.170478 74
381 0.300975 254.801 18.6043 0.146629 87
385 0.274277 228.409 29.6112 0.172522 81
387 0.17335 148.756 24.6206 0.214057 68
388 0.104405 86.7728 6.47165 0.155066 52
389 0.305356 254.623 23.424 0.147658 89
390 0.0602274 52.64 7.47127 0.20661 40
392 0.214733 182.802 20.0614 0.171805 76
393 0.392129 332.626 15.8456 0.106889 117
394 0.0245901 20.9136 1.80927 0.216461 21
396 0.02201 18.7588 2.4061 0.272033 14
397 0.304903 249.455 30.6566 0.183893 78
398 0.188364 161.519 16.8315 0.186821 72
400 0.298386 247.502 17.3321 0.160672 76
404 0.163652 139.51 17.3935 0.16767 75
405 0.274846 237.387 9.41132 0.0988103 103
406 0.235875 195.835 10.9068 0.122561 94
407 0.147484 124.091 19.3861 0.245198 51
408 0.210834 167.205 21.7652 0.176329 74
409 0.240187 200.162 11.6514 0.125012 101
410 0.35597 290.113 14.6087 0.127229 99
411 0.153339 128.023 8.65995 0.137436 69
412 0.00941428 7.75408 1.81607 0.42491 7
413 0.352276 300.084 34.2346 0.186697 88
414 0.0900383 79.096 9.03133 0.194409 48
415 0.152154 128.041 26.1317 0.265614 58
417 0.205557 170.139 18.1905 0.165055 71
418 0.0864673 70.8066 9.96414 0.205653 46
420 0.073647 62.386 6.51984 0.171365 44
422 0.239345 204.69 21.5332 0.149975 91
424 0.00641109 5.3309 1.36797 0.43432 6
425 0.0935829 79.7352 7.7254 0.164766 52
426 0.0644933 53.5371 3.70758 0.152011 42
428 0.227344 188.429 13.7861 0.1578 79
432 0.374326 317.494 37.6958 0.167795 108
433 0.056943 45.1244 11.2992 0.368306 18
434 0.313643 266.592 12.1155 0.107407 110
435 0.280323 236.717 21.5214 0.142791 104
436 0.00800948 6.21491 1.58457 0.449188 5
437 0.233336 189.55 21.5532 0.174179 71
439 0.173917 150.706 16.8361 0.195168 71
440 0.0382853 36.9176 10.9142 0.439851 18
441 0.034996 27.215 9.87861 0.394639 15
443 0.200331 180.348 19.8919 0.18666 67
444 0.303637 251.538 21.8571 0.178568 77
445 0.263605 226.239 17.7428 0.141624 86
446 0.0299974 24.0157 6.01421 0.319451 16
447 0.233152 199.226 11.2215 0.134321 89
448 0.0334914 27.6652 3.27282 0.21649 23
449 0.0559536 45.5802 5.0541 0.196493 41
451 0.0659799 55.9227 4.42023 0.162279 39
452 0.0322623 26.574 3.97764 0.261347 18
454 0.0588713 49.0347 4.64371 0.171024 38
455 0.279347 225.32 25.6527 0.175303 70
459 0.00763047 6.17983 1.17338 0.376111 7
460 0.295016 234.765 41.5873 0.264858 63
464 0.22621 188.269 13.9789 0.151712 78
466 0.0996643 82.4316 11.1761 0.212878 35
470 0.31436 262.108 50.7654 0.243069 72
471 0.14393 122.078 23.0215 0.302831 37
472 0.304639 248.33 22.7995 0.165225 81
473 0.0372524 31.9566 9.68655 0.374556 21
475 0.0995741 84.6482 6.29039 0.152755 50
476 0.301626 255.258 19.2721 0.154746 88
477 0.0793383 67.6022 16.1631 0.29461 36
478 0.213254 180.745 18.0108 0.175104 78
479 0.313813 265.721 21.9055 0.1515 100
480 0.310605 260.757 14.0879 0.129912 97
481 0.120133 98.6192 13.1144 0.178547 53
482 0.284071 245.891 16.5095 0.126902 95
483 0.159382 138.553 13.7822 0.159113 63
484 0.0273015 22.2678 2.2802 0.223091 21
487 0.127302 110.723 9.01059 0.140837 69
488 0.00473963 3.76304 1.17464 0.496307 5
489 0.29293 241.851 10.9597 0.0987629 111
490 0.256073 213.766 19.8175 0.164012 77
494 0.149142 123.646 8.71885 0.144823 66
495 0.051126 38.9753 5.73587 0.223859 26
496 0.0688722 57.4634 10.6149 0.291845 25
497 0.232294 193.931 18.427 0.181643 77
498 0.37813 317.569 26.7549 0.169544 101
499 0.310492 254.33 33.8215 0.196801 71
500 0.27303 235.107 22.5146 0.145387 87
501 0.313657 267.653 20.2435 0.143149 88
503 0.0344389 28.8545 3.14804 0.235074 21
504 0.00809585 6.98784 2.47246 0.474665 6
505 0.195551 162.175 10.9246 0.13115 81
506 0.241438 180.089 49.795 0.329963 51
507 0.248649 213.514 27.8233 0.229053 55
508 0.254197 214.862 27.2167 0.215667 67
509 0.269029 223.182 13.0208 0.13655 86
510 0.0558668 44.0367 3.92823 0.210569 34
511 0.318168 278.971 34.6326 0.163396 85
512 0.290224 244.716 25.4527 0.174457 73
514 0.268723 214.749 28.3314 0.186735 73
515 0.0478631 41.388 4.49047 0.207596 30
516 0.0770997 61.5102 6.73437 0.202233 36
517 0.101022 85.2946 9.89179 0.169338 53
519 0.156714 134.031 28.3647 0.250783 58
521 0.313168 261.282 10.409 0.0847795 126
522 0.103714 84.9839 22.0388 0.298946 41
524 0.149836 122.98 21.1296 0.232755 54
525 0.142834 120.143 20.2822 0.220279 55
526 0.300259 239.583 35.5955 0.243532 65
527 0.180812 156.564 19.3747 0.202955 58
529 0.132366 114.57 24.7714 0.256199 57
530 0.023585 20.0757 3.64218 0.298715 13
531 0.117511 98.0133 10.9057 0.164882 63
533 0.076702 63.5908 4.87194 0.16312 42
534 0.0825879 66.4496 5.1421 0.173127 43
535 0.201426 167.638 19.0637 0.1683 68
539 0.0269127 21.0946 3.91541 0.29726 18
540 0.0131188 10.653 1.38539 0.302315 12
541 0.10931 89.8006 11.4548 0.190427 45
542 0.0177373 13.9075 2.32236 0.300061 12
543 0.105657 86.9417 6.38196 0.144769 57
544 0.067127 54.895 6.79295 0.183712 44
545 0.0550023 43.9515 8.81174 0.2631 29
546 0.277677 238.52 48.4943 0.27064 63
547 0.205323 173.608 12.7141 0.141503 79
549 0.18501 152.941 20.6727 0.172397 60
550 0.139407 112.28 29.4653 0.280042 54
551 0.0960615 82.4213 12.8009 0.232681 42
552 0.0698228 57.392 7.12683 0.209602 38
555 0.272123 223.094 21.5161 0.151038 84
558 0.271764 230.15 20.5405 0.175835 72
559 0.220515 185.042 12.9611 0.130494 86
561 0.0108742 9.00379 1.74963 0.367973 9
562 0.0735713 62.0029 12.6899 0.242117 40
563 0.125839 106.417 13.7568 0.220723 60
565 0.0554487 46.13 3.46875 0.164852 42
566 0.261259 216.797 11.8324 0.126346 96
569 0.0678784 57.3641 6.68849 0.18802 41
570 0.334705 271.628 45.8626 0.204327 93
573 0.252297 219.345 22.6706 0.157557 76
574 0.0778425 64.0477 10.961 0.23128 37
575 0.344565 292.127 12.3638 0.114336 100
576 0.142095 122.965 13.7027 0.167621 60
577 0.33234 275.631 33.9256 0.181234 86
578 0.0491601 42.3965 6.70075 0.209199 33
579 0.0194368 15.6769 1.57344 0.248406 17
580 0.21423 177.745 16.6767 0.17246 70
581 0.280275 235.217 22.2789 0.16406 74
582 0.0445745 39.6613 15.6255 0.413779 22
583 0.27687 231.696 15.9037 0.15044 85
584 0.130963 114.521 12.4431 0.157485 63
587 0.285042 245.585 46.1952 0.254317 77
589 0.297266 260.415 34.2248 0.202869 93
590 0.0998123 81.0913 18.7318 0.276327 43
591 0.075947 64.3707 8.8182 0.189338 41
592 0.282625 237.88 19.5618 0.143891 98
593 0.259519 226.985 12.6595 0.128888 88
594 0.251088 210.738 11.5847 0.13537 82
595 0.0673369 60.084 5.89746 0.17857 43
596 0.239135 198.973 14.1016 0.13089 78
597 0.20082 164.777 42.1457 0.280594 66
599 0.328326 279.739 15.4029 0.120208 105
600 0.0586488 51.3948 7.98029 0.264862 30
601 0.201254 169.501 16.3245 0.16088 72
603 0.219354 179.532 20.5174 0.218354 62
606 0.292699 244.843 18.1923 0.125392 103
607 0.389426 324.443 28.3467 0.128614 112
608 0.145252 121.314 25.5635 0.276033 50
609 0.139339 113.986 12.1775 0.147958 68
610 0.203458 175.757 27.3312 0.247612 61
611 0.170954 143.095 7.03993 0.110433 88
612 0.0326865 28.238 5.54317 0.291097 18
613 0.3051 258.134 22.6607 0.17044 86
614 0.132198 103.63 11.4352 0.20232 49
615 0.258319 220.098 18.4675 0.171074 82
616 0.0975588 83.4953 8.93433 0.176959 51
618 0.180153 152.493 19.7662 0.168569 69
619 0.119746 99.1433 22.6908 0.257544 55
620 0.00744096 6.70943 1.41727 0.406583 6
622 0.242118 213.982 15.483 0.16334 79
623 0.108496 89.1534 13.4566 0.195901 51
626 0.0690748 59.9393 15.8029 0.288424 35
628 0.189479 156.51 23.0421 0.199915 60
630 0.11526 100.766 9.61066 0.178123 56
633 0.387866 317.024 96.1771 0.314187 96
634 0.327785 274.769 14.4268 0.101507 116
635 0.308081 259.325 34.9012 0.178186 83
636 0.0941979 80.3666 7.15965 0.157556 52
637 0.284518 250.022 16.6577 0.135952 97
641 0.0990793 83.8866 20.2397 0.269929 44
642 0.222608 186.897 13.4678 0.147047 82
643 0.0931271 78.8566 13.526 0.251577 39
644 0.0670905 55.6132 10.1442 0.256142 38
645 0.0208054 17.3964 2.31444 0.267897 14
646 0.0304115 23.3695 3.75042 0.266137 18
647 0.0915773 77.6444 7.69066 0.191845 46
648 0.211434 206.409 37.4404 0.2267 80
652 0.116065 98.523 17.4693 0.216689 48
653 0.280017 242.79 51.5078 0.232174 85
654 0.256102 208.303 33.9063 0.246795 63
655 0.284561 228.239 29.8839 0.197077 78
656 0.01221 10.9493 2.49395 0.355855 10
657 0.29098 239.868 23.9249 0.161204 82
658 0.120044 102.712 19.3926 0.230291 49
659 0.209466 174.398 11.0174 0.145419 82
660 0.03627 28.7595 5.28187 0.259398 23
661 0.0431854 38.2367 3.58983 0.209337 30
664 0.161672 144.784 13.7011 0.17657 69
665 0.217831 183.066 14.0339 0.168517 73
666 0.0258218 20.8826 3.28272 0.273402 18
668 0.0204764 16.1366 2.20607 0.264749 15
669 0.273291 236.211 32.7419 0.187955 84
671 0.17345 147.852 24.1623 0.218311 52
675 0.155089 132.987 10.6985 0.143264 74
676 0.210185 175.828 26.0432 0.225722 64
677 0.00549127 4.47482 1.37071 0.560555 5
678 0.0775141 63.8605 4.12464 0.158956 45
680 0.353715 293.502 15.8017 0.124523 108
682 0.199932 160.412 24.5475 0.196576 71
684 0.291627 246.366 14.8128 0.122979 97
685 0.0316477 26.896 2.41137 0.222381 22
686 0.129728 106.536 9.59811 0.143407 63
687 0.0935796 78.7448 7.50667 0.161941 50
689 0.176265 144.689 29.557 0.242231 56
690 0.169817 145.581 21.0718 0.199221 69
692 0.185631 152.272 18.42 0.153619 77
693 0.00500633 5.31383 2.05869 0.551421 5
697 0.0467536 43.6261 12.7466 0.320468 29
698 0.169047 138.572 27.339 0.227757 63
699 0.247023 207.094 11.0874 0.123116 86
701 0.162654 130.933 13.7305 0.169128 65
702 0.339397 274.14 29.6482 0.164547 88
706 0.321055 268.934 11.5771 0.110276 106
707 0.069474 58.5696 5.08941 0.170208 44
708 0.166997 144.539 11.427 0.167639 65
709 0.0107828 9.45113 2.77402 0.38271 9
710 0.10478 88.8106 12.0776 0.193437 57
711 0.199561 170.744 13.2588 0.179863 54
712 0.275342 231.078 16.9301 0.129902 85
713 0.0848416 69.7977 6.05543 0.167009 44
714 0.237731 207.247 17.2532 0.141676 83
715 0.204587 173.059 21.5222 0.208245 65
716 0.289709 232.002 32.5681 0.186335 74
717 0.305611 254.651 17.8871 0.13327 83
718 0.0531313 46.3224 5.10833 0.20892 33
719 0.337065 278.935 13.1722 0.11121 117
720 0.267711 224.013 32.8008 0.229159 69
724 0.12845 108.708 11.5173 0.164501 64
725 0.289931 243.241 13.367 0.119423 92
726 0.299933 247.573 37.1631 0.181144 94
727 0.291128 241.133 13.1971 0.117236 98
728 0.174639 147.221 31.93 0.253949 64
729 0.178575 150.792 28.1754 0.224882 65
730 0.0529075 43.3605 5.74405 0.22811 28
732 0.0129773 10.8186 2.34843 0.345023 9
733 0.237983 208.671 27.2147 0.19622 84
734 0.0881746 79.3488 7.47279 0.18925 40
735 0.0540136 45.6079 5.1711 0.206448 31
737 0.230212 193.775 14.8961 0.125533 102
740 0.14144 120.563 11.6253 0.154915 68
741 0.0346356 27.1538 5.41464 0.273163 21
742 0.0328419 27.532 3.15513 0.253795 19
743 0.298794 252.415 16.768 0.146636 86
744 0.31946 268.243 25.8422 0.154703 93
745 0.385937 318.64 41.5977 0.192156 88
747 0.230705 194.573 27.8141 0.233799 61
749 0.0621391 52.811 6.26414 0.203047 36
751 0.0344645 30.9452 5.95359 0.282732 22
752 0.232514 194.625 9.72928 0.113476 88
753 0.0655733 52.9759 7.08635 0.194058 38
755 0.153429 128.134 25.5011 0.251966 56
756 0.127423 109.271 10.6781 0.15604 55
757 0.283683 232.656 16.16 0.160228 77
758 0.261048 218.739 10.6337 0.113889 99
760 0.177727 145.323 13.4396 0.170033 62
761 0.0351985 29.9009 2.84255 0.21129 24
763 0.396736 341.226 22.7383 0.152647 93
764 0.249575 215.41 52.4332 0.280532 66
765 0.0701431 57.1786 4.17964 0.157075 45
766 0.120692 102.422 11.0391 0.190047 53
767 0.146518 132.68 14.2891 0.182695 54
768 0.142252 123.979 42.1968 0.35127 59
769 0.248387 209.253 16.6158 0.144995 83
771 0.269564 232.666 23.0459 0.149474 91
772 0.252967 218.071 18.6716 0.162159 76
773 0.0760342 62.2175 6.42609 0.189775 38
774 0.346587 297.22 19.6213 0.124952 107
777 0.0361588 29.2885 2.80099 0.230051 23
778 0.23653 193.944 20.7539 0.17826 72
779 0.041318 33.65 4.65334 0.2051 29
780 0.0604638 51.3976 3.24792 0.166038 38
781 0.168111 141.773 15.0144 0.161359 70
784 0.116863 105.728 18.8272 0.202984 64
785 0.0895769 73.0246 7.07224 0.183985 45
787 0.123046 98.4396 20.6112 0.268778 47
788 0.016525 14.4561 2.14965 0.309541 11
789 0.236279 195.17 30.0187 0.222771 64
790 0.18308 153.685 15.8064 0.166372 65
791 0.249889 206.145 18.3036 0.174671 73
794 0.221916 189.217 16.6789 0.144337 87
795 0.320991 264.349 26.7266 0.159212 86
796 0.136138 108.304 20.5462 0.28823 46
797 0.018552 15.3346 2.00483 0.270123 16
798 0.0571013 48.0005 4.17799 0.192114 33
799 0.281595 244.378 28.7543 0.165433 82
801 0.140908 111.474 24.1296 0.246602 64
802 0.0561432 47.1374 3.6252 0.177289 38
804 0.177824 151.043 16.5256 0.207855 65
806 0.211083 174.671 20.6259 0.213617 66
807 0.0612217 49.2011 4.30024 0.168707 40
809 0.275428 228.801 13.7345 0.138661 79
810 0.208756 174.684 11.5293 0.153777 78
813 0.307427 269.189 100.25 0.402144 56
814 0.0384035 32.2542 6.14456 0.270484 24
815 0.126071 107.096 6.4565 0.159088 58
816 0.149824 126.389 19.3488 0.201613 63
817 0.272103 229.18 11.2474 0.125534 96
818 0.258949 219.166 44.4702 0.222526 84
819 0.12535 101.588 20.1062 0.27568 40
820 0.313941 259.965 21.5139 0.152077 93
821 0.0433753 35.8562 3.25246 0.229297 22
823 0.206845 174.111 12.4314 0.140038 80
824 0.12494 107.322 19.1582 0.242186 48
826 0.263545 211.032 34.8752 0.245117 61
827 0.159749 126.84 10.2754 0.175499 56
828 0.326003 268.667 46.7348 0.209495 87
829 0.00999556 8.16083 1.89439 0.390008 8
830 0.164177 137.127 5.80221 0.116126 78
832 0.0564309 47.26 17.8927 0.394599 24
836 0.336541 284.459 25.1571 0.161617 89
837 0.0844302 71.4891 4.43167 0.141168 54
838 0.243613 201.406 16.1723 0.142983 80
839 0.251506 213.116 18.0698 0.173539 69
840 0.473378 336.539 234.547 0.695361 62
841 0.169102 134.129 17.448 0.265522 41
842 0.268164 225.638 45.1546 0.264913 70
843 0.0709355 58.739 7.88584 0.177613 46
845 0.0838736 68.5564 5.02147 0.158059 47
846 0.326559 270.674 29.8595 0.18764 96
848 0.217037 189.46 27.5567 0.232808 65
850 0.371117 308.559 28.208 0.128752 109
851 0.326882 275.206 19.9971 0.18034 74
852 0.142142 114.252 13.1785 0.188823 63
853 0.370061 306.674 24.0477 0.125578 106
855 0.0475796 38.8207 4.8685 0.20076 30
856 0.279004 237.74 13.2934 0.131499 90
857 0.360092 307.483 12.2187 0.104972 116
860 0.0923627 76.9669 13.9942 0.256475 36
862 0.234628 198.67 15.4331 0.150203 82
863 0.350314 282.633 25.1627 0.171011 85
864 0.0206708 17.8568 2.57664 0.27854 14
865 0.111712 92.7579 16.2767 0.233208 50
867 0.266884 237.646 18.1973 0.149416 86
868 0.209591 186.407 42.7208 0.287776 56
870 0.248324 208.972 24.803 0.198687 74
872 0.272119 214.473 61.8049 0.374672 58
874 0.284877 236.203 12.482 0.115299 104
877 0.175266 145.209 17.5038 0.160006 75
878 0.120447 100.941 9.79483 0.198882 43
879 0.396443 345.418 125.244 0.378516 68
880 0.254993 203.004 24.3435 0.209193 68
881 0.255513 216.323 27.4048 0.1637 88
883 0.0985087 83.4122 8.10425 0.169851 52
884 0.264299 222.177 10.2613 0.126158 92
885 0.21912 185.945 10.3527 0.130395 87
886 0.0173136 13.378 2.43831 0.324582 10
887 0.229049 188.062 10.4203 0.120096 91
888 0.0629114 52.937 5.74803 0.209097 31
889 0.281043 236.864 21.282 0.168387 94
890 0.0332046 27.6745 3.45992 0.268077 19
891 0.217881 179.715 27.7099 0.227127 70
892 0.134063 142.192 41.618 0.360984 43
893 0.137987 115.654 7.71308 0.148794 60
895 0.287024 246.989 24.7752 0.15949 87
897 0.182202 156.671 20.001 0.203386 64
898 0.0524988 44.2316 5.06086 0.177126 39
899 0.0697612 59.228 15.501 0.321314 27
901 0.231301 198.489 19.2081 0.165585 73
902 0.350002 287.466 13.1796 0.109508 106
903 0.327781 271.512 30.9952 0.152502 110
904 0.228993 205.284 53.7943 0.275551 81
906 0.149321 125.615 10.6602 0.139032 67
908 0.0129696 11.557 1.97171 0.317361 10
909 0.0822503 69.7754 5.12685 0.170892 50
911 0.340963 282.116 25.0546 0.21131 75
912 0.292389 248.862 19.11 0.16107 81
913 0.049506 40.9809 3.89686 0.192632 32
914 0.316265 262.368 25.4529 0.165793 88
915 0.240392 203.702 31.88 0.220079 73
916 0.182111 150.128 12.3948 0.12765 83
917 0.0347664 28.4048 2.82589 0.220498 23
918 0.0148869 11.8619 2.75034 0.326712 13
919 0.213127 174.949 11.3698 0.127086 81
920 0.0670203 57.355 6.61023 0.200286 39
921 0.157637 137.296 53.9549 0.408062 54
922 0.0659526 57.8554 9.20296 0.264773 29
923 0.134953 110.381 32.1472 0.304691 52
924 0.183051 149.761 27.165 0.262098 52
926 0.0535415 42.4642 3.3568 0.183804 30
927 0.053289 44.8823 3.41148 0.182846 33
928 0.0353527 28.0639 6.49722 0.284167 21
929 0.220968 192.308 14.0714 0.14707 77
931 0.0927535 78.3261 5.8717 0.146328 55
932 0.015206 12.7219 2.39093 0.353994 10
933 0.0717433 64.8603 7.24852 0.21648 38
935 0.281664 240.613 36.7169 0.255945 66
936 0.266145 226.302 17.3268 0.14575 85
937 0.252517 213.392 24.7998 0.196562 74
939 0.300591 252.99 12.8693 0.118241 100
940 0.166447 137.305 16.9227 0.220618 63
943 0.270797 233.059 26.6598 0.178909 80
944 0.0389881 35.1977 8.47283 0.324236 19
945 0.295677 245.519 37.7368 0.239296 67
946 0.0970174 84.5417 17.3862 0.23856 55
947 0.176608 138.919 17.5411 0.190937 71
948 0.351554 290.009 12.2604 0.103321 119
949 0.220617 186.856 13.0986 0.154669 83
950 0.186664 163.712 17.6571 0.211476 54
952 0.257182 221.761 14.3819 0.133315 85
953 0.00989382 8.47011 2.01306 0.388548 7
954 0.143549 120.96 11.3009 0.167442 60
955 0.099065 82.5314 6.13215 0.156594 51
956 0.263462 210.926 19.6228 0.198436 72
957 0.0725898 59.6792 9.31613 0.229986 39
958 0.0640862 53.9856 5.92662 0.189732 38
959 0.137549 114.629 9.65733 0.151346 64
960 0.167751 137.448 64.9946 0.486621 49
961 0.179075 154.174 19.4455 0.209257 57
963 0.0386216 32.5115 5.41695 0.242133 25
964 0.228793 180.171 21.8416 0.201769 64
966 0.0208605 16.6953 1.51981 0.233829 18
967 0.202789 168.865 16.488 0.142928 85
968 0.121205 106.213 29.1297 0.297776 52
969 0.380514 311.338 22.7336 0.160942 99
971 0.190645 159.401 10.7044 0.131422 82
973 0.192872 160.061 8.9451 0.111046 86
975 0.0195831 17.4834 4.453 0.323452 15
976 0.29454 241.504 25.3305 0.165881 94
977 0.25786 214.415 28.0853 0.1629 89
978 0.395299 323.882 20.4847 0.127213 109
979 0.1069 87.9819 6.76527 0.167099 49
980 0.103817 83.4844 14.1146 0.211496 46
981 0.308097 255.826 15.0805 0.119706 99
982 0.372022 306.987 17.7429 0.130837 111
984 0.14093 116.837 6.49773 0.118609 71
985 0.145275 118.172 12.8253 0.178432 66
987 0.00755868 5.2986 1.35694 0.443615 5
988 0.102729 83.3975 7.47581 0.167327 48
989 0.386409 327.249 20.6146 0.126157 121
990 0.177072 151.667 11.1767 0.143488 73
992 0.137351 114.32 6.77402 0.136168 68
993 0.164605 134.702 17.5574 0.197272 54
994 0.124987 97.9811 26.9954 0.320055 44
995 0.190979 157.51 12.3226 0.163068 60
996 0.0949552 79.8683 5.83589 0.160054 49
997 0.226745 192.987 17.2964 0.151453 83
998 0.119344 102.669 6.82213 0.143619 64
999 0.288018 244.9 49.6238 0.236532 86
