eventNumber clusterCharge clusterPE clusterMaxPE clusterChargeBalance clusterHits clusterTime
2 0.0635532 53.9805 8.21259 0.233375 33 12.8485
3 0.0448016 37.4516 2.72718 0.17321 32 11.0625
4 0.0351752 29.2416 2.64695 0.214914 22 10.5455
6 0.163577 136.056 15.7364 0.178289 54 9.85185
9 0.131369 110.31 9.16327 0.142674 64 11.375
10 0.10107 81.451 11.7355 0.246141 33 7.69697
11 0.158494 131.255 13.295 0.161166 66 13.303
12 0.0671845 56.7582 9.99864 0.27191 29 10.5517
15 0.158481 135.284 9.62158 0.145922 67 12
17 0.0456554 40.2084 3.80987 0.188395 30 9
18 0.0137437 10.8608 2.02715 0.314844 11 11.4545
19 0.168478 138.548 9.02434 0.130215 79 12.5823
20 0.111733 92.3386 8.23764 0.190181 53 11.2453
21 0.13762 111.462 16.988 0.18515 57 8.80702
22 0.0290682 23.311 2.79909 0.242695 20 9.2
24 0.170066 139.009 19.6678 0.177537 67 11.8209
25 0.0154521 12.4267 2.63503 0.333259 11 10
27 0.0686568 57.1817 6.93373 0.17101 44 8.95455
29 0.143941 122.532 18.1061 0.17609 68 11.5588
30 0.0882652 75.668 6.86542 0.183335 45 9.73333
31 0.0937808 75.9442 9.22082 0.193267 50 11.44
32 0.136056 115.583 12.6934 0.1847 57 10.2807
35 0.115874 101.882 13.7667 0.201893 53 10.1887
36 0.152608 128.422 6.51382 0.131391 69 9.97101
38 0.113575 92.395 8.07482 0.148167 59 10.1695
39 0.150605 119.914 7.83628 0.149162 58 8.96552
40 0.0111423 9.25876 2.0893 0.343184 10 15.6
42 0.144322 118.786 6.54368 0.12477 71 9.85915
43 0.108027 89.6646 5.36894 0.150718 54 10.2963
45 0.11044 91.2569 9.49651 0.183069 54 10.8519
46 0.0313495 28.5076 2.61753 0.208928 27 9.92593
49 0.119678 101.82 7.76228 0.157574 53 10.7925
50 0.058093 54.3939 18.9947 0.370672 27 9.92593
51 0.0242154 20.4313 1.81699 0.240942 19 12.7368
52 0.150145 121.816 6.88851 0.144017 64 10.0312
53 0.158253 129.013 7.7564 0.144848 61 10.459
56 0.170982 141.139 32.4637 0.318678 46 11.1739
58 0.203052 169.11 23.5836 0.222215 52 9.84615
60 0.0623882 54.5357 5.74419 0.193779 34 11
63 0.0858338 75.3721 13.9486 0.242263 41 11.5122
64 0.0178356 15.1616 4.07644 0.358461 11 10.7273
65 0.07019 60.5879 10.5037 0.254722 37 10.3243
66 0.130149 110.005 12.3582 0.206732 44 10.3182
67 0.142237 118.598 5.91821 0.132262 65 11.1077
68 0.124221 100.795 16.2376 0.212904 47 9.74468
69 0.168184 140.856 10.6338 0.151749 66 10.7576
71 0.0834558 67.9481 19.4832 0.332017 30 10.2667
72 0.0364561 29.5815 4.27564 0.263653 19 11.2632
74 0.0441798 36.6242 4.66818 0.223829 26 12.0769
75 0.116947 100.497 18.1075 0.223089 55 9.92727
77 0.108131 89.9998 5.60359 0.139793 60 13.3
79 0.00480732 3.97077 1.14163 0.480039 5 9.2
80 0.00906351 7.38539 2.14652 0.411623 7 8.28571
81 0.0687789 60.0441 15.4863 0.297591 31 7.35484
82 0.165033 146.919 16.2689 0.162028 58 8.27586
83 0.0840712 70.7784 5.5258 0.178508 45 12.7111
84 0.0169576 14.3969 2.84236 0.29319 14 6.71429
85 0.101043 82.1178 11.151 0.211641 46 11.1739
86 0.098806 82.1584 13.3649 0.26652 28 7.14286
87 0.122484 102.379 10.0663 0.183381 52 11.3462
89 0.158647 130.204 11.4131 0.173976 57 11.3333
91 0.0658893 57.3785 3.85912 0.160523 40 10
92 0.18428 153.754 19.2799 0.172835 69 10.4348
93 0.0579028 49.2226 4.27358 0.201031 30 12.7333
94 0.0750102 61.8995 5.62454 0.165597 43 10.7907
95 0.109054 91.2105 19.3907 0.267729 50 10.16
96 0.127398 106.525 15.4585 0.190854 51 9.21569
98 0.0481028 41.2757 4.0791 0.203307 27 10.0741
99 0.0905986 79.7667 12.0542 0.225477 42 9.85714
100 0.148485 127.158 14.414 0.151073 73 12.2192
101 0.0516512 45.0794 2.95584 0.169564 36 8.83333
102 0.0378901 31.6491 4.24879 0.269761 23 9.73913
103 0.0954959 84.8644 8.02249 0.160027 49 10.449
104 0.122348 101.02 8.02403 0.1529 61 10.5902
105 0.103733 84.8899 5.29895 0.156664 47 10.5106
106 0.137487 117.072 10.5263 0.174459 53 10.7925
107 0.0986153 80.5642 17.249 0.243819 42 10.2381
108 0.0696616 51.5461 15.7254 0.36162 26 12.9231
109 0.0446502 35.2649 10.9835 0.354218 21 10
110 0.0760742 62.2462 9.92286 0.222902 36 10.3889
111 0.0879449 74.0838 8.62789 0.195019 43 11.1163
113 0.14581 122.379 5.68821 0.125815 69 10.7826
114 0.108463 91.1449 14.3223 0.22986 39 10.2051
115 0.173794 151.103 11.8422 0.166096 59 9.66102
116 0.10468 85.2329 9.75278 0.193929 44 10.2273
118 0.105407 86.6424 7.3688 0.151262 55 11.6727
119 0.00732112 5.66603 1.50135 0.446377 6 8
120 0.141962 129.2 14.7998 0.196276 53 9.58491
121 0.021663 17.4325 2.46672 0.279895 15 12.4
122 0.123124 104.266 8.2247 0.181285 46 9.08696
124 0.0719968 61.5526 9.43416 0.211589 43 9.95349
126 0.164737 137.002 8.2361 0.127006 69 10.029
127 0.116986 101.048 5.7987 0.132486 61 10.918
128 0.119105 101.991 10.0456 0.174219 48 9.33333
129 0.174813 144.814 10.9236 0.137688 68 10
130 0.150698 114.421 38.5699 0.411476 34 11.3529
131 0.18534 152.173 10.6097 0.138 69 9.5942
132 0.00716273 5.53179 1.24975 0.439476 5 8.4
133 0.165798 135.598 15.9891 0.204337 51 9.37255
134 0.172953 141.084 12.2339 0.152882 62 8.67742
135 0.144868 117.831 9.762 0.175207 53 8.41509
136 0.135293 113.379 15.0444 0.209083 58 13.9655
138 0.152781 129.034 17.6796 0.187572 53 9.24528
139 0.045737 36.4472 10.0094 0.344621 17 9.64706
140 0.146095 120.357 7.786 0.143023 72 11.3889
141 0.0923063 75.8359 11.7994 0.231382 36 8.55556
142 0.11072 90.0803 11.5619 0.208478 43 8.88372
143 0.0121111 10.105 2.10972 0.417065 9 13.1111
144 0.151622 125.493 29.2089 0.277553 47 8.6383
145 0.0265349 22.2309 2.45398 0.240621 20 10.5
146 0.0745213 61.7851 22.0671 0.376604 31 7.67742
147 0.156169 130.503 33.9286 0.303779 44 8.77273
150 0.203543 179.087 10.1841 0.129157 80 11.3
151 0.0938212 74.3073 8.98341 0.188593 44 12
152 0.124421 105.152 26.4011 0.355974 30 10.5333
153 0.213143 181.928 8.46001 0.121885 84 8.83333
154 0.173705 138.64 26.1104 0.225716 60 11.0333
155 0.0315386 26.6521 3.04044 0.248227 21 8.85714
156 0.132626 108.012 7.65571 0.155876 56 9.85714
157 0.0702865 64.7864 21.2655 0.381287 30 14
158 0.0567133 49.3166 8.08941 0.24548 29 10.6207
159 0.100764 83.7846 14.2746 0.247132 32 9.3125
161 0.115904 92.4804 7.97922 0.169456 54 10.1852
162 0.177532 159.568 9.53146 0.139941 79 10.8608
164 0.0346069 29.5004 2.94786 0.193489 28 12.2143
167 0.129469 109.467 8.83744 0.150845 62 10.5161
168 0.0337874 29.6165 2.66154 0.178665 31 11.4194
170 0.193381 159.796 16.8656 0.186694 64 10.3438
173 0.179086 148.593 21.9732 0.170078 75 11.3867
174 0.113084 108.122 25.5255 0.28145 46 9.26087
176 0.0175813 14.3125 2.6484 0.308259 12 8.5
178 0.0527363 45.0019 3.20709 0.157386 40 13.9
179 0.0309852 25.0376 4.39162 0.277774 17 11.0588
181 0.152129 127.688 6.77381 0.121837 75 10.0267
182 0.0972162 79.4156 9.29606 0.213789 45 13.5556
184 0.143441 124.828 11.65 0.214121 45 10.0444
186 0.0834237 69.4364 5.63901 0.160883 51 11.8431
187 0.0173772 14.8097 4.86553 0.396096 10 9.6
188 0.122163 102.931 10.2824 0.208619 43 9.90698
189 0.0689845 56.7098 4.67614 0.165033 42 10.4286
190 0.0148752 12.3017 1.79059 0.295803 13 9.84615
191 0.0145465 11.6868 1.76816 0.296099 12 8.16667
192 0.0848153 72.0797 8.18759 0.230623 37 9.78378
193 0.14597 115.633 7.91473 0.15243 60 10.3667
197 0.104513 86.8305 8.02764 0.158362 53 11.6226
198 0.143449 121.609 15.1007 0.224399 45 8.8
202 0.142219 119.745 9.72767 0.160217 62 11.8065
205 0.134106 108.516 10.1295 0.178215 52 10.4231
206 0.148424 114.683 22.0786 0.293472 32 7.9375
207 0.153583 126.094 13.0814 0.187926 56 9.17857
208 0.121147 100.446 7.47974 0.183572 48 10.4583
210 0.0735714 61.6124 5.3752 0.161338 43 9.95349
211 0.01207 8.51995 2.10739 0.422791 6 10.3333
212 0.0263028 22.9567 10.7118 0.51009 12 7.83333
213 0.101727 83.9934 9.57301 0.195246 44 11.6818
214 0.029822 25.0082 3.20567 0.232429 22 10.2727
215 0.00725278 6.6464 1.35261 0.381307 7 16.8571
216 0.0212466 16.8647 1.63968 0.257856 15 9.46667
217 0.150421 124.357 9.21679 0.160957 50 8.08
218 0.136579 113.698 10.7891 0.173086 54 9.85185
219 0.14803 121.762 8.19201 0.115224 73 11.3973
220 0.0634056 54.3687 4.82446 0.180291 38 9.73684
221 0.0407044 33.7228 3.15685 0.213741 24 9.41667
222 0.0792183 63.2101 9.62706 0.234965 30 9.86667
223 0.133378 118.223 9.23143 0.169268 49 8.65306
227 0.169262 140.367 13.2936 0.160114 60 9.56667
228 0.162724 135.981 8.12286 0.132661 67 10.0299
229 0.0664468 58.7759 4.66709 0.179596 35 9.54286
230 0.127642 106.768 7.23336 0.135051 68 11.3235
232 0.216527 162.027 34.2562 0.303106 45 10.2667
233 0.107042 88.6538 10.1254 0.196105 45 11.7333
234 0.0673234 55.4825 5.65142 0.205012 37 11.8378
237 0.0348448 31.1309 3.44739 0.227792 23 10.1739
238 0.0160335 13.5975 1.37357 0.271823 13 12.4615
240 0.0208188 17.7365 2.29858 0.256606 17 8.58824
241 0.14621 119.112 11.8197 0.174837 58 10.931
244 0.0658868 55.2356 5.79358 0.180231 42 10.1429
245 0.0212079 17.5839 5.08755 0.364323 11 8
246 0.145121 124.927 11.0916 0.160378 60 10.5667
247 0.14198 120.759 9.00115 0.160975 63 10.4127
248 0.0867857 75.805 9.94268 0.188823 47 10.9787
250 0.0428236 37.3876 5.38167 0.212006 27 12.8148
251 0.0211222 18.3273 2.0095 0.244621 17 12.5882
255 0.132795 110.372 6.46503 0.122485 68 10.0294
256 0.16515 137.233 6.36338 0.123647 75 10.2667
257 0.15537 135.68 15.2136 0.16388 65 12.5231
259 0.0616114 51.2174 6.51095 0.19116 34 9.94118
260 0.0716975 65.5827 10.0168 0.25584 32 9.5
261 0.0341855 28.318 1.89067 0.180614 27 7.77778
262 0.0200926 16.6308 3.20945 0.329157 15 9.33333
263 0.0968992 83.3119 9.59411 0.17039 58 10.2759
265 0.146565 121.784 6.64238 0.127977 71 11.2958
266 0.0881239 77.1059 6.32005 0.165872 53 10.0377
267 0.0937156 80.6839 7.72124 0.190667 42 9.90476
271 0.152018 127.793 27.7756 0.249404 56 9.71429
273 0.0848168 69.2959 6.52293 0.201582 37 9.24324
275 0.123372 107.057 12.9559 0.169474 63 12.7937
276 0.00915669 8.61544 2.22262 0.395294 9 7.77778
279 0.0770243 66.5485 8.27435 0.184114 47 10.5106
280 0.144453 119.069 8.87296 0.13808 68 12.2647
281 0.0405881 34.6711 16.6232 0.490515 20 10.4
283 0.0343492 26.9159 7.15037 0.334776 17 8
284 0.145745 126.486 10.1797 0.143078 69 12.4058
288 0.0615911 52.3307 5.05773 0.191094 34 10.3529
290 0.114186 95.6246 23.9 0.287204 41 11.8049
291 0.00952436 7.71089 2.24579 0.460485 5 9.2
293 0.150179 127.826 10.8617 0.162597 57 9.40351
296 0.180738 150.96 12.7235 0.141286 74 9.86486
297 0.0317837 25.9492 4.59019 0.297604 16 10.25
298 0.062314 50.1519 3.6955 0.15183 41 10.5854
299 0.0478228 40.5078 3.03701 0.181269 34 10
302 0.144101 119.07 7.19596 0.152979 55 9.52727
303 0.16419 134.437 7.06017 0.121442 78 9.46154
305 0.0212294 17.0811 1.57984 0.245874 16 12.25
306 0.0980595 88.3764 15.1173 0.218639 42 10.6667
307 0.109483 80.8621 32.2033 0.403974 40 11.3
309 0.0144271 10.9357 3.38579 0.41611 8 9
310 0.0852457 77.0145 11.3621 0.204693 44 12.5
312 0.156144 129.87 11.8533 0.163005 62 10.5484
313 0.0161709 13.058 2.00366 0.304711 12 13.6667
314 0.102477 84.3896 16.0212 0.266515 38 10
317 0.158301 124.824 12.371 0.194839 50 10
318 0.102298 88.8083 25.1511 0.365853 32 10.875
319 0.07777 61.8853 4.28955 0.165785 40 10.2
320 0.113274 96.7783 6.77812 0.160191 48 9.41667
321 0.102479 86.2513 10.0822 0.186172 49 11.2245
323 0.0861135 76.0475 4.71845 0.155301 50 13.8
325 0.130424 109.856 10.5307 0.161962 61 10.8525
328 0.152169 125.394 9.01072 0.156088 63 9.65079
331 0.0149556 13.9184 3.01868 0.316996 13 11.2308
332 0.0160609 13.1763 3.50022 0.358486 11 9.27273
334 0.111591 88.9133 12.3829 0.239742 31 7.48387
337 0.115736 89.7256 15.0696 0.236389 39 9.64103
338 0.0970991 81.5494 8.6087 0.182266 48 10.7917
339 0.157267 133.519 29.0958 0.264237 47 9.3617
340 0.0884075 74.8352 11.4223 0.24574 34 10.2941
341 0.0581342 51.5841 4.38871 0.188933 37 8.10811
342 0.144918 119.818 9.58651 0.182179 47 8.97872
343 0.0481568 38.5599 3.33868 0.196748 28 12.5714
344 0.0142113 13.2922 1.71184 0.285236 13 13.6923
348 0.177572 144.253 14.8398 0.15258 75 11.2
349 0.00547037 4.87559 1.42888 0.474662 5 12.8
351 0.152537 125.971 8.90645 0.142825 65 11.4154
352 0.1754 142.237 17.0944 0.226428 40 7.2
355 0.133329 108.275 15.1349 0.238245 38 9.57895
357 0.114952 93.5576 8.99392 0.161482 52 10.8462
361 0.140828 124.014 10.3125 0.166272 67 11.4925
362 0.0100967 8.20098 1.24526 0.336631 9 7.77778
363 0.0316636 26.6822 3.131 0.242197 21 10.2857
364 0.0628174 53.3285 3.89244 0.1797 38 12.2632
365 0.113042 98.477 11.1754 0.213561 44 11.3636
367 0.0902611 74.8731 21.026 0.332223 32 10.5625
369 0.0809345 67.3403 12.876 0.277387 37 12.2703
371 0.0523502 45.5733 8.14871 0.235572 31 11.9355
372 0.189493 156.103 7.9661 0.116444 78 11.0256
374 0.00823811 7.0748 1.49565 0.405363 7 11.1429
375 0.0501438 43.4153 20.9695 0.500454 18 11.5556
376 0.148113 121.393 12.9818 0.175134 56 10.25
377 0.0623022 53.3697 7.54213 0.221811 33 10.7879
378 0.149003 126.543 10.4062 0.165506 57 9.75439
381 0.12377 101.774 7.28181 0.15588 63 11.6508
382 0.156185 138.705 10.8166 0.17079 58 10.7241
384 0.17711 149.964 8.91263 0.135501 69 10.087
388 0.213054 177.528 17.0927 0.173156 69 10.2319
389 0.196071 162.705 7.83138 0.134066 79 10.9367
391 0.0665315 55.7869 6.35213 0.187948 41 12.2439
392 0.10329 89.2477 9.23763 0.18799 48 9.125
393 0.134678 108.97 14.0516 0.171811 66 11.6364
395 0.132445 108.961 19.5425 0.235214 51 12.3137
396 0.0838852 69.6301 9.84825 0.212121 36 10.1111
397 0.087633 79.3111 13.8401 0.272069 37 8.32432
398 0.0200884 15.3354 3.29812 0.305651 14 12.2857
399 0.0116985 10.1497 1.98704 0.368011 8 8.75
400 0.135654 114.988 8.10294 0.150539 67 10.2985
402 0.140307 115.889 7.37617 0.147011 56 11.1429
403 0.112452 93.738 6.77983 0.167083 43 10.7907
404 0.0810104 68.9448 11.9011 0.214075 45 8.97778
406 0.0428078 36.9839 7.23805 0.271059 22 8.81818
407 0.200956 160.364 16.8297 0.191741 66 9.51515
409 0.106315 87.1586 12.3107 0.20194 50 13.2
410 0.0789596 68.673 15.8072 0.285392 40 9.8
411 0.0625578 54.2046 8.7731 0.249236 26 10.3846
412 0.024363 21.0495 5.11236 0.307652 16 13.5
413 0.126264 109.543 19.7663 0.303978 38 11.1053
414 0.127539 108.703 12.8945 0.229746 37 10.1622
415 0.0827991 67.9522 5.39363 0.175102 36 9.55556
416 0.00663209 5.31632 1.72342 0.470488 5 13.2
417 0.149463 121.933 16.5366 0.189842 55 9.52727
418 0.0999133 86.7732 9.60764 0.180001 45 10.0889
420 0.170892 139.31 7.45213 0.129466 61 10.1311
421 0.14114 113.888 11.0964 0.174558 58 9.86207
422 0.0135436 11.3209 1.85656 0.336167 10 13.2
423 0.103165 90.8607 10.6784 0.196914 45 9.73333
426 0.0871476 73.1544 11.6778 0.236249 36 10.5556
427 0.0573047 45.4888 4.70337 0.187284 33 11.5758
429 0.0807683 71.0936 26.3177 0.37926 36 11.2222
431 0.083029 66.2434 6.87632 0.225263 34 8.76471
433 0.0982543 79.0066 15.9657 0.284973 31 9.41935
434 0.0827452 67.1988 18.287 0.345769 30 10.8
435 0.155216 133.836 9.84912 0.141428 76 11.1842
436 0.140193 112.594 8.26962 0.156035 57 10.4912
437 0.11476 99.1852 15.7807 0.234918 39 11.0769
439 0.116298 96.1869 12.9537 0.214886 52 10.8077
442 0.146919 119.865 13.819 0.157904 67 10.9552
443 0.0876119 76.5703 13.1356 0.217126 42 10
444 0.177486 148.095 19.7285 0.219577 51 10.5882
445 0.0497304 41.3515 6.57899 0.216378 33 11.6364
446 0.0452997 39.3985 5.08829 0.226072 25 7.92
447 0.191531 158.336 12.5086 0.153461 64 9.21875
448 0.0465975 38.5611 2.93068 0.168251 36 11.8333
449 0.0755005 64.7522 7.06079 0.186698 40 9.15
450 0.00627525 5.6098 1.63372 0.458014 6 7.33333
451 0.0468215 40.204 7.68468 0.252015 26 9.15385
452 0.0896803 74.6136 8.01833 0.172437 50 10.64
453 0.142532 117.097 12.3709 0.178183 53 8.86792
456 0.153121 129.072 9.3413 0.153347 59 10
457 0.0333148 28.6146 2.51336 0.214788 25 12.96
458 0.126498 107.801 11.7701 0.179876 58 11.2759
459 0.111798 93.5359 12.6136 0.245626 40 10.55
460 0.148771 123.31 6.60234 0.131061 75 11.7867
461 0.139882 116.885 10.5097 0.177 56 10.5
462 0.205741 172.717 11.7428 0.151719 64 11.5625
463 0.151944 124.573 9.10665 0.15527 56 9.42857
464 0.0229692 18.5588 2.02329 0.264839 14 11.7143
465 0.104452 85.5951 6.11775 0.165342 49 8.36735
468 0.0632109 54.0479 6.37895 0.196716 34 10.4706
470 0.178595 149.438 11.0452 0.162748 56 10.4643
471 0.168484 142.87 20.2334 0.179968 65 10.3077
472 0.0455948 39.4301 4.5881 0.212039 29 9.72414
475 0.132703 111.864 9.19491 0.149382 63 10.4762
476 0.153995 130.453 13.4758 0.183697 52 10.3462
477 0.0348457 28.4215 4.01376 0.259488 19 12.1053
479 0.0437401 34.8626 4.6608 0.230406 25 11.68
480 0.0910026 74.8699 11.4729 0.220109 34 8.88235
481 0.176687 149.346 7.59081 0.120389 75 10.7467
482 0.116117 92.468 14.5652 0.209733 47 11.4043
484 0.154928 130.898 7.68284 0.121249 76 11.7105
486 0.0333748 29.8861 3.14193 0.227847 25 10.16
487 0.147432 120.586 8.23401 0.149816 60 11.1333
488 0.0598479 48.7842 11.7441 0.340122 25 11.12
490 0.155613 129.388 8.79411 0.150196 58 9.68966
491 0.0182441 16.6578 4.62123 0.383847 10 8.6
492 0.158009 133.607 13.1299 0.15724 68 12.1176
493 0.130543 114.582 14.0879 0.1776 58 9.44828
494 0.133657 110.031 18.6472 0.241638 45 10.1333
496 0.0762747 64.4872 12.4357 0.276045 27 8.51852
497 0.0295679 24.7986 6.68674 0.337406 13 10.1538
499 0.117222 99.0968 18.0665 0.214767 54 11.5185
500 0.124708 103.682 7.83537 0.136212 64 10.9375
502 0.0392704 33.7687 2.34842 0.200633 32 11.6875
504 0.107138 88.7368 11.9493 0.190338 48 13.4583
505 0.143377 122.863 6.06911 0.124186 70 10.7143
507 0.110879 93.0908 10.633 0.175133 56 12.4643
508 0.163537 137.94 5.88584 0.112273 75 9.46667
509 0.153287 128.066 7.59826 0.139914 58 9.24138
511 0.101169 85.5413 8.32408 0.170921 52 13.8077
512 0.0480895 42.6785 4.60999 0.206386 30 11.2667
513 0.177738 151.598 17.9547 0.176866 67 10.4179
514 0.156269 130.951 14.7203 0.194224 52 10.8846
515 0.0352608 29.3027 2.23199 0.195454 26 12
516 0.193319 157.355 29.0915 0.251939 54 9.66667
517 0.130696 110.875 9.12366 0.153886 57 10.4561
518 0.0362827 34.0836 5.13257 0.24265 24 10.4167
521 0.0151424 12.52 3.0476 0.346127 11 8.90909
522 0.0169867 13.3169 2.24212 0.286012 14 8.85714
524 0.149631 123.956 15.1803 0.193187 53 9.13208
525 0.104221 89.1716 8.02004 0.15297 59 10.7797
526 0.0612873 58.2476 8.83617 0.263401 31 10.6452
527 0.171225 140.788 5.9344 0.127801 78 10.4359
528 0.103569 89.1953 10.3728 0.199974 55 13.4182
529 0.212765 179.932 44.1884 0.271396 55 10.7273
530 0.132348 109.794 8.95552 0.180776 48 10.375
532 0.12283 109.927 10.2986 0.157485 67 9.85075
533 0.0941642 77.3751 7.17049 0.165034 47 10.3404
535 0.0858249 72.2655 11.9144 0.237808 32 11.25
537 0.137585 109.937 18.9416 0.211235 58 11.4138
539 0.0391694 33.1582 2.95531 0.217912 27 13.4074
540 0.0481206 41.528 6.89666 0.22326 31 9.80645
542 0.134019 115.717 16.097 0.188282 60 13.2333
543 0.15129 122.88 10.228 0.136727 72 11.0833
545 0.0763069 67.775 10.1946 0.255967 31 8.77419
546 0.106273 87.9273 10.6486 0.183935 45 9.91111
547 0.140854 116.807 6.38864 0.129604 66 12.1212
548 0.00916547 6.96906 1.95262 0.444722 8 9.25
549 0.087215 72.1609 7.77141 0.174001 49 12.2449
551 0.140907 117.673 9.45462 0.170029 54 12.1852
552 0.0705759 57.9061 8.12834 0.24225 30 10.1333
553 0.168642 140.071 13.227 0.158774 64 11.5312
555 0.0316663 25.5914 4.55293 0.301779 16 8.75
557 0.144487 114.392 25.8991 0.300615 37 9.18919
561 0.114893 95.9156 7.9617 0.186364 43 11.0698
562 0.0650989 54.84 11.2083 0.255162 34 10.3529
563 0.108003 95.6912 18.0167 0.28752 31 9.67742
564 0.134777 115.561 34.4377 0.354336 32 9.375
565 0.14083 118.527 12.6905 0.165471 54 8.96296
566 0.121215 100.191 8.20677 0.169276 47 10.4255
567 0.0543515 47.1831 7.0592 0.227323 31 11.0968
568 0.0912508 76.3803 8.88049 0.190594 47 12.1277
569 0.122048 102.249 14.6765 0.201421 52 11.5
570 0.0896958 70.9125 6.71106 0.185805 42 9.95238
571 0.0278316 22.8988 2.94209 0.259718 17 11.8824
573 0.0551482 45.3332 17.2828 0.413148 21 11.8095
574 0.0908535 74.103 19.307 0.338511 28 8.21429
575 0.09707 79.3092 14.7673 0.217598 44 10.0455
576 0.0718343 53.4819 21.8596 0.419932 28 9.28571
579 0.063518 52.697 11.391 0.262904 32 11
580 0.12484 102.619 14.8729 0.212921 53 11.2075
581 0.15669 129.246 19.5965 0.199686 60 12.2
583 0.0469715 38.907 5.2994 0.231993 24 11.25
584 0.177925 149.844 11.1922 0.150066 65 10.9231
586 0.0840894 69.6877 5.79729 0.173998 45 12
587 0.166192 135.168 11.1944 0.182409 50 11.6
589 0.0399652 34.093 9.26414 0.368799 20 9.6
590 0.115348 97.5591 5.83396 0.148152 56 11.5714
592 0.0547638 45.5927 4.21589 0.196417 34 11.7059
594 0.145268 122.989 12.0821 0.177849 53 11.8491
595 0.136909 114.896 13.3559 0.194603 48 10.625
596 0.100516 85.443 12.4874 0.193484 47 11.7021
597 0.0331555 27.5168 4.00814 0.245807 22 10.3636
599 0.0951959 77.9307 13.5832 0.201012 52 10.9615
601 0.0839613 69.5177 6.43812 0.180568 44 9.72727
602 0.138959 117.941 11.116 0.164859 58 9.89655
604 0.0720091 59.0401 11.2437 0.264419 33 10.6061
605 0.00724074 5.95417 1.53264 0.446083 5 3.6
606 0.0217273 17.8491 3.49796 0.346556 10 9.2
607 0.14494 118.446 13.2002 0.207782 50 11.68
608 0.109426 93.2233 11.2289 0.196021 49 10.898
609 0.0410886 36.6126 13.0615 0.389513 20 9
611 0.0879639 71.267 11.8587 0.248865 30 8.6
612 0.0185506 15.4493 5.69262 0.420331 10 11.4
613 0.00807397 6.67185 2.60385 0.520455 5 10.8
615 0.0682297 58.4663 24.9884 0.544764 14 10.7143
616 0.127799 107.193 7.25302 0.129522 60 10.2
617 0.104751 87.2795 10.7498 0.198348 47 10.2979
618 0.178698 148.626 9.62723 0.139036 76 10.6316
620 0.0349777 29.4655 4.04976 0.225782 23 11.0435
621 0.140737 120.255 6.60848 0.137724 63 10.6984
622 0.0191638 15.596 4.24046 0.348385 12 10.5
623 0.0969683 81.5848 10.5467 0.188652 50 14.24
624 0.085523 71.2094 7.41079 0.19423 39 8.41026
625 0.190313 157.999 7.66606 0.128441 66 10.303
626 0.123296 104.218 12.273 0.196238 59 10
627 0.0869877 76.7493 6.7274 0.169724 43 11.6279
629 0.0272349 22.2115 3.42345 0.265288 19 9.47368
630 0.0354935 31.0233 4.20932 0.252526 19 9.89474
632 0.0450798 36.6853 3.5016 0.197811 27 9.92593
633 0.132007 110.84 7.87743 0.139167 62 11.0645
634 0.0253537 23.1722 6.0289 0.314117 18 8.88889
635 0.0248581 20.8713 2.71754 0.245287 18 14.4444
636 0.0726481 58.0642 22.046 0.393455 30 12.3333
637 0.10709 93.8858 28.4116 0.32836 44 9.22727
638 0.0158623 13.2681 2.11979 0.281707 15 9.2
639 0.057413 47.6953 13.3377 0.324124 24 9.58333
640 0.12337 102.329 6.43871 0.134625 64 11.6875
641 0.163315 136.321 21.0586 0.248441 36 7.61111
642 0.133904 111.368 17.6718 0.230788 48 11.0417
643 0.0910333 74.0505 10.7538 0.206585 42 12.381
646 0.178525 149.754 38.9848 0.279896 60 10.3333
647 0.112628 93.9747 5.72761 0.121371 63 10.5079
648 0.0163006 14.068 2.84319 0.322573 11 16
649 0.0147129 12.0481 2.26144 0.307644 12 10.5
650 0.140147 115.619 8.22856 0.146965 68 10.2647
651 0.122129 99.9886 7.47874 0.13644 65 11.8154
653 0.16712 138.756 9.66501 0.154259 59 8.50847
655 0.046681 39.1706 3.39118 0.199726 29 11.1724
656 0.105959 87.4945 9.03298 0.166356 53 12.3774
657 0.169386 141.325 11.4139 0.149791 69 11.8841
658 0.164274 140.84 19.0821 0.200351 59 10.4407
661 0.119878 98.293 10.5464 0.204026 40 9.4
662 0.106227 88.0892 8.12931 0.162934 54 11.8889
663 0.0742829 63.8611 5.67476 0.18814 38 9.52632
664 0.171 138.704 18.3861 0.246255 34 6.35294
665 0.0162703 15.2926 5.17747 0.406901 10 10.2
666 0.0320754 28.3697 4.1999 0.214513 27 11.1852
668 0.0779203 65.5091 15.3255 0.272617 34 10.1176
669 0.171978 142.837 20.3869 0.184396 65 10.3692
671 0.0908155 71.2655 15.4646 0.302284 26 11.9231
673 0.0284619 23.8631 9.75045 0.433735 15 10.5333
675 0.0519215 44.6112 4.64964 0.204496 31 12.129
676 0.0910691 76.2207 22.8076 0.378266 30 11.2667
677 0.0189914 15.88 4.13637 0.359068 11 10.1818
678 0.0381368 32.3261 4.03719 0.220443 25 10
679 0.148482 120.812 12.3438 0.175421 63 11.9048
680 0.101135 86.1121 6.60255 0.158403 53 12.4906
681 0.0318626 25.5414 2.52024 0.213938 24 10.1667
683 0.0977 80.5466 21.5027 0.303789 33 9.33333
689 0.0111151 9.43573 3.69545 0.459505 8 5.75
691 0.157044 131.137 16.633 0.189638 58 10.7931
693 0.162338 137.213 20.4153 0.23061 49 11.0612
694 0.11583 98.2493 6.22484 0.159348 48 8.20833
696 0.115932 96.8419 9.56072 0.179134 51 9.64706
698 0.084247 74.611 11.64 0.215732 40 10
699 0.066391 55.0971 9.37587 0.229783 40 10.5
703 0.0650912 56.9471 7.38992 0.211101 36 10.6667
704 0.0397379 33.3251 3.33788 0.215742 24 11.4167
705 0.0391678 32.6299 8.57103 0.319685 19 9.68421
707 0.0473172 36.7479 15.7509 0.462743 20 11.2
708 0.191373 159.683 8.22813 0.125406 80 11.175
709 0.178235 144.156 14.3278 0.184085 61 10.7213
710 0.046822 40.7416 3.67667 0.188016 34 11.0588
711 0.0901336 74.1847 7.92695 0.201858 40 10.95
713 0.0516355 43.3974 11.5039 0.316145 23 11.7391
715 0.168064 148.313 17.7828 0.165342 70 11.0857
717 0.139004 119.413 19.1164 0.198041 56 10.8571
718 0.10165 86.0273 14.1321 0.237084 47 10.7234
719 0.165981 134.299 7.95478 0.150701 60 8.66667
720 0.0778746 62.9687 6.75966 0.216249 32 12.25
721 0.1362 113.823 10.3913 0.154317 67 12.1791
722 0.191131 159.418 6.41427 0.113192 84 11.1429
723 0.13629 117.204 6.68245 0.145855 58 9
724 0.146948 123.764 24.4836 0.229335 55 9.52727
725 0.145648 119.861 7.45309 0.147361 62 11.4194
727 0.13317 114.977 12.2126 0.186104 54 10.3704
729 0.13806 116.975 14.7558 0.193234 58 11
730 0.126441 114.007 14.1112 0.212001 45 8.75556
731 0.0695881 58.8848 4.23862 0.163916 41 10.3902
733 0.0507638 45.1248 10.3212 0.271986 28 9.85714
734 0.15333 129.432 11.3932 0.173666 55 10.5455
739 0.162048 136.011 24.7086 0.213757 58 9.58621
740 0.10859 87.4204 9.83017 0.194504 47 10.8085
741 0.13872 113.623 10.4044 0.151262 67 10.209
742 0.169249 144.383 18.9251 0.216394 50 9.28
743 0.142601 117.164 10.4347 0.187805 53 11.4717
746 0.139434 113.28 14.1913 0.191862 52 9.96154
751 0.0408327 34.7658 3.06463 0.189861 31 10.129
752 0.0085176 7.13811 1.50627 0.380754 8 31.25
753 0.119765 100.459 7.59759 0.159322 53 10.4151
755 0.114631 98.3781 7.50289 0.181837 47 10.9362
756 0.138583 115.537 7.7978 0.133601 63 10.5079
761 0.0808943 66.3097 9.88965 0.204015 42 11.2381
762 0.0173637 15.0052 2.90461 0.318756 13 9.07692
763 0.114091 93.2201 7.4939 0.155687 51 10.4314
765 0.191175 161.887 14.047 0.154763 57 8.91228
767 0.171842 143.568 8.39501 0.130804 69 10.1449
769 0.13433 116.733 13.1241 0.186911 54 11.0741
771 0.165266 140.301 8.08923 0.140657 61 9.27869
772 0.0803022 65.1899 7.20273 0.18946 42 9.7619
773 0.0264822 22.5144 3.17983 0.245481 19 11.2632
774 0.0163322 13.383 1.36894 0.262345 14 14.8571
775 0.0554093 45.3327 5.04816 0.193052 32 10.4375
776 0.242837 205.708 130.144 0.629763 53 12.3774
778 0.097657 84.1212 11.9903 0.23669 41 9.65854
779 0.160609 135.862 9.90634 0.128482 80 11.85
780 0.145375 117.656 11.14 0.165729 56 11.5357
782 0.133319 111.796 9.13767 0.159156 51 12.1176
784 0.026851 23.1386 5.21469 0.304154 16 11.125
786 0.143808 116.645 8.65499 0.167928 53 10.1887
787 0.0457175 40.7792 3.60481 0.195411 30 10.7333
788 0.142678 119.48 6.12331 0.138177 65 8.73846
789 0.11802 95.5797 5.51586 0.145064 61 10.4918
790 0.138604 115.402 10.9089 0.180542 50 8.36
791 0.10495 88.3893 11.9379 0.239782 37 9.13514
792 0.0468324 37.95 5.30019 0.23436 28 10.0714
794 0.128953 110.896 13.4261 0.174982 60 10.0333
795 0.175006 145.916 20.0614 0.195745 48 7.70833
797 0.0936467 75.5068 12.9617 0.263589 36 10.8333
799 0.0353769 29.1097 3.20501 0.228799 25 12.72
800 0.149027 120.421 11.3763 0.185464 55 11.1273
801 0.0539606 45.6275 7.98187 0.256017 30 10.0667
802 0.0502739 42.0914 4.28831 0.199595 30 12.8
803 0.0220159 19.5236 1.4926 0.216529 20 13.5
805 0.0282268 24.6582 7.6687 0.400681 14 12.5714
806 0.143288 118.449 12.86 0.183433 58 11.5862
807 0.0973306 80.7333 22.9973 0.307224 41 11.4634
809 0.0980156 84.6615 16.2056 0.252121 41 10.6829
810 0.132226 110.342 11.5475 0.161771 66 9.48485
811 0.0777346 65.8874 16.7545 0.298112 32 8.375
812 0.0369675 31.0037 5.01919 0.246604 26 10.3846
815 0.118262 100.14 10.0005 0.199208 53 10.1887
816 0.0231401 19.697 3.1389 0.264809 16 9.625
820 0.0298762 27.0626 4.32712 0.242112 22 11.4545
822 0.0511566 41.2824 4.32455 0.206785 31 10.1935
823 0.0493375 41.0715 4.55446 0.205356 30 10
825 0.145851 127.053 12.4452 0.175403 51 7.88235
827 0.147664 121.546 14.9666 0.223557 53 12.3774
829 0.0906299 76.3943 29.2227 0.454225 24 11.1667
832 0.125466 103.538 9.37219 0.143649 61 12.0328
835 0.0411027 37.0487 5.09878 0.221297 26 11.5385
837 0.0710665 61.7347 6.04819 0.17759 43 9.39535
838 0.0658128 54.3503 3.32606 0.152285 45 8.22222
839 0.0583014 49.6652 3.90379 0.171267 37 11.4054
840 0.11092 90.8962 18.5438 0.278843 40 10.35
841 0.153803 133.849 17.6308 0.194208 59 9.55932
844 0.1504 123.112 11.361 0.163567 61 10.4918
847 0.114006 96.6462 7.30398 0.152406 57 11.9649
848 0.0541501 47.0951 9.72757 0.277504 24 10.5
849 0.0978947 83.5675 7.86543 0.178615 47 9.91489
850 0.0637906 53.222 5.26269 0.166316 40 10.9
851 0.14626 121.831 9.5193 0.148427 68 12.1176
852 0.0559237 45.8394 5.63206 0.208155 29 10.6207
853 0.0820106 67.2565 6.09603 0.170998 43 13.3488
856 0.152157 123.301 13.1611 0.170882 61 10.0656
857 0.111902 83.3434 34.453 0.426768 30 11.5333
858 0.10125 88.1459 8.58932 0.208316 36 8.61111
860 0.146136 121.487 16.2859 0.176153 62 12
861 0.154673 129.679 8.05451 0.142522 67 10.8657
866 0.0446988 35.6228 12.2328 0.423944 22 12.5455
868 0.0759762 64.884 8.77404 0.231699 33 11.697
869 0.12917 112.39 16.6869 0.252182 49 11.6327
870 0.0238927 21.5067 4.35259 0.303667 17 12.8235
871 0.105052 88.7885 9.04095 0.179112 54 12.4815
876 0.0530372 44.0552 5.44886 0.231513 26 8.92308
877 0.0192191 16.8447 5.31733 0.37867 12 10.3333
878 0.153136 134.09 10.3533 0.14296 65 11.1077
880 0.0743585 63.8546 9.12188 0.192427 43 10.4651
882 0.118389 100.537 6.13617 0.14562 57 10.807
883 0.121652 100.861 8.55058 0.176105 53 9.16981
884 0.176487 147.732 17.283 0.245932 40 8.65
886 0.178284 152.673 8.99679 0.129614 72 9.94444
887 0.0225339 20.9216 4.27043 0.296591 17 12.2353
888 0.114522 94.3542 8.21096 0.167374 53 11.2075
889 0.128926 111.165 8.86105 0.151112 63 10.254
890 0.127699 105.09 8.00246 0.186552 48 10.75
891 0.137214 113.233 11.4408 0.17397 53 10.8679
893 0.0376144 29.8541 4.4183 0.23594 25 9.52
894 0.0113986 9.59281 1.43432 0.309245 11 9.81818
896 0.172842 141.522 8.48562 0.124389 73 9.53425
897 0.0347368 29.2682 7.23037 0.300071 20 8.2
901 0.189587 159.897 17.674 0.180288 65 11.3538
902 0.204014 176.182 20.1353 0.174631 65 10.2154
903 0.0709532 59.4004 6.62907 0.198032 37 9.62162
904 0.0817194 68.8945 4.5099 0.163022 45 9.42222
906 0.0450152 38.3355 7.56979 0.265496 22 9.81818
907 0.0697178 55.067 17.9609 0.354781 33 11.3939
909 0.163649 135.451 12.743 0.161168 72 12.5833
911 0.0758496 72.4141 9.89132 0.240818 34 8.52941
913 0.0726334 59.7289 3.43588 0.153108 45 9.77778
914 0.0683835 58.0512 5.00213 0.175548 41 10.7805
915 0.0593759 49.0792 10.6713 0.303967 26 12.3077
916 0.109789 98.1488 21.7703 0.309512 33 8.9697
918 0.057665 45.7992 7.97289 0.243536 34 10.8235
919 0.0813491 68.8823 8.67794 0.242945 33 9.75758
921 0.148891 123.867 11.1106 0.181862 62 12.2581
922 0.0694457 58.3203 4.93602 0.189552 37 11.027
924 0.0328709 27.614 3.57798 0.255953 23 10.4348
925 0.171499 143.077 5.54779 0.106842 87 9.24138
926 0.130765 109.988 7.46593 0.149165 59 9.9661
927 0.0765082 62.0278 7.10381 0.21807 37 8.21622
929 0.0435756 35.3742 3.24753 0.193479 28 10.3571
930 0.208921 173.991 16.2943 0.174523 59 9.22034
931 0.127656 106.688 10.9619 0.188461 50 11.2
932 0.0534106 45.5432 4.70367 0.18068 34 9.94118
933 0.173343 142.934 6.77909 0.125049 72 10.6111
934 0.0665785 55.5707 10.229 0.260704 32 9.5
936 0.141079 114.675 20.1595 0.216742 55 12.8
937 0.180812 153.045 6.95573 0.128698 72 11.6389
939 0.140973 123.051 15.1247 0.186638 54 10.1852
942 0.159231 135.81 14.2513 0.199941 56 11.1429
943 0.0906014 75.05 9.47299 0.202424 39 8.82051
944 0.0104941 8.24427 2.65044 0.43426 7 10.5714
945 0.137782 122.547 11.899 0.182378 53 11.0943
946 0.0451518 42.1096 4.6265 0.223821 25 11.28
948 0.107537 89.4534 6.43123 0.144109 55 8.90909
949 0.112565 99.2634 16.5666 0.280362 39 10.8718
950 0.0786559 68.1736 5.01479 0.163201 42 11.9524
951 0.146386 124.335 9.1248 0.162531 55 10.9455
954 0.10576 89.2996 10.1569 0.162736 53 11.8113
956 0.0630771 51.2981 11.3699 0.254575 37 11.2432
957 0.108584 91.1437 10.7342 0.179996 51 9.4902
958 0.0924288 75.6875 7.112 0.206543 38 11.6842
959 0.0266092 22.2659 4.88336 0.298693 15 10.8
960 0.0424348 33.9875 5.5329 0.234358 25 8.4
964 0.062576 52.0773 4.67209 0.173773 38 10.3158
965 0.0774928 63.3344 11.7623 0.253941 33 11.7576
966 0.0888951 74.4974 9.17326 0.192593 41 10.1951
969 0.0796208 65.5618 7.0774 0.19334 42 14.2381
970 0.0767389 62.9581 4.78764 0.150517 48 11.9583
971 0.14941 124.296 6.3861 0.120198 79 11.1899
972 0.113616 86.2772 28.0157 0.33936 43 10.3721
973 0.100989 85.5976 7.16984 0.160937 50 12.6
975 0.143341 115.989 21.6461 0.295852 40 10.85
976 0.0284029 24.9659 6.51121 0.392303 13 8.15385
977 0.149743 123.383 17.8995 0.205701 50 9.92
978 0.0866154 71.1893 15.4115 0.266586 37 9.56757
980 0.122381 104.021 8.84699 0.14331 67 11.2836
981 0.0475893 41.8389 3.94418 0.213587 30 10.9333
982 0.0913273 76.8334 20.3146 0.287722 41 13.0732
984 0.00537131 3.96094 1.49283 0.492537 5 4.4
985 0.117205 88.9447 58.4287 0.66464 17 6.47059
986 0.121814 103.157 10.891 0.197846 48 9.04167
987 0.0157349 14.4277 2.01456 0.309711 11 12.1818
988 0.180336 156.473 21.9491 0.203148 55 10.8727
989 0.193523 165.099 12.5387 0.140146 76 9.81579
990 0.145739 120.834 6.06014 0.126832 63 10.6349
991 0.103581 85.4615 9.92571 0.18821 46 11.2609
993 0.011077 9.00027 1.5529 0.359735 9 10.2222
994 0.189965 156.532 20.3438 0.240689 45 8.71111
995 0.16369 146.168 12.2709 0.166912 55 9.09091
997 0.187846 159.346 10.2723 0.123953 85 11.3412
998 0.0486857 40.0754 4.33262 0.220907 30 11.8667
999 0.151713 121.156 11.6287 0.173491 51 10.3137
