eventNumber true_vertex_X true_vertex_Y true_vertex_Z true_t0 true_dir_X true_dir_Y true_dir_Z true_energy true_track_length
0 -146.755 -101.777 7.44829 0 0.236121 -0.740699 -0.628977 15.511 0.0686832
1 -45.9716 171.508 -118.919 0 -0.843548 -0.0193911 0.536704 15.511 0.0591598
2 90.7267 -166.821 -48.1281 0 -0.816082 0.552248 -0.170388 15.511 0.0383962
3 -118.738 -97.8409 -27.9967 0 -0.705891 0.700736 -0.103379 15.511 0.0555916
4 37.3214 -174.488 125.663 0 -0.276888 0.736527 -0.617139 15.511 0.0571702
5 10.7331 -161.363 -43.7228 0 0.777427 -0.628966 0.00290501 15.511 0.0465132
6 69.6125 55.441 -44.9811 0 0.0848999 0.589909 0.802994 15.511 0.0629353
7 36.031 2.49453 125.725 0 0.710453 -0.122462 0.693008 15.511 0.062296
8 -27.8547 -64.4235 -131.729 0 -0.760164 -0.0724578 -0.645678 15.511 0.0478128
9 58.5222 -21.4079 -88.544 0 0.233965 0.277249 0.931876 15.511 0.0668925
10 -16.0399 -95.2906 -22.1722 0 -0.0140387 -0.952147 0.305319 15.511 0.0658726
11 1.30219 126.481 -30.5013 0 -0.545123 -0.838034 0.0232546 15.511 0.0705386
12 53.0742 131.253 59.9027 0 0.916105 0.218909 -0.335904 15.511 0.0303333
13 -139.676 129.513 54.1052 0 -0.869367 -0.485719 -0.0909829 15.511 0.0281175
14 -89.5923 -105.222 117.345 0 -0.0772147 -0.888589 -0.452159 15.511 0.0743408
15 54.5585 96.5793 3.1334 0 -0.566913 -0.626546 0.534837 15.511 0.05888
16 78.7136 -123.089 -115.771 0 0.950728 -0.159803 0.26567 15.511 0.064953
17 -108.758 -50.2166 -102.347 0 0.395943 0.636312 0.66207 15.511 0.0470788
18 58.5954 -171.279 -94.1057 0 0.46664 -0.453414 -0.759383 15.511 0.0488002
19 116.338 -108.551 4.59237 0 -0.968845 -0.0894928 0.230934 15.511 0.0635795
20 14.6143 -92.4445 -81.4564 0 -0.0538792 -0.873902 0.483107 15.511 0.0690411
21 -45.0372 60.7793 49.363 0 0.392937 0.500898 -0.771169 15.511 0.0405825
22 64.8649 -155.207 20.0287 0 0.0413415 0.0962736 0.994496 15.511 0.0555422
23 -138.599 -106.871 37.2715 0 0.332237 -0.707649 -0.62358 15.511 0.0478352
24 -101.043 65.468 -47.7703 0 0.849283 0.525242 0.0532862 15.511 0.0703485
25 -12.7927 -164.375 71.9594 0 0.199285 -0.691458 -0.694385 15.511 0.0541118
26 -103.182 158.687 -86.8167 0 0.556385 0.574588 -0.600237 15.511 0.0785967
27 -76.9404 -61.9157 -111.815 0 0.468998 -0.731908 0.494319 15.511 0.0706356
28 131.063 -128.149 43.788 0 -0.808914 -0.579271 -0.100515 15.511 0.0623799
29 -20.7258 90.6636 21.5051 0 -0.0214795 -0.669052 0.742906 15.511 0.065142
30 -118.183 130.817 16.6561 0 0.369207 -0.895532 0.248412 15.511 0.0633934
31 -109.978 72.7563 -3.48446 0 -0.375898 -0.767803 -0.518826 15.511 0.0718204
32 31.385 5.30778 58.1156 0 0.223296 -0.445155 -0.867165 15.511 0.0717071
33 -46.1705 -112.108 -140.222 0 -0.321139 -0.80816 -0.493706 15.511 0.0653478
34 -60.8939 -176.748 127.44 0 -0.87576 -0.445554 0.185815 15.511 0.0706194
35 -108.458 -105.705 7.44732 0 -0.145663 0.614947 0.774999 15.511 0.0619594
36 33.1578 -41.7364 88.2949 0 -0.638408 -0.485277 -0.597446 15.511 0.05138
37 -101.823 182.906 16.1787 0 -0.586582 -0.323519 -0.742467 15.511 0.0705516
38 22.9355 46.7727 -109.134 0 0.0444618 0.335294 0.941064 15.511 0.0602474
39 11.2488 -1.32664 10.3858 0 -0.211422 0.969343 0.1252 15.511 0.0761239
40 -45.5873 -171.287 -67.237 0 -0.465285 0.85796 0.21775 15.511 0.0652411
41 53.4081 163.695 -132.859 0 -0.894551 0.444649 -0.0454515 15.511 0.0626031
42 19.7111 -46.4683 -14.9395 0 0.748597 0.551819 0.367556 15.511 0.0502779
43 -32.587 58.1292 -101.159 0 -0.948023 0.110551 0.298379 15.511 0.0407655
44 120.573 79.5633 68.207 0 -0.577024 -0.728321 0.369583 15.511 0.0531566
45 57.6658 -112.126 -49.2882 0 0.685179 0.275106 0.674423 15.511 0.0377451
46 -102.979 76.8592 -27.1862 0 -0.927636 0.292564 -0.232158 15.511 0.0429292
47 -70.1515 -188.539 96.3011 0 0.970056 0.23647 -0.0554379 15.511 0.0656735
48 -72.0777 -75.4962 -117.371 0 0.471998 -0.792422 0.386374 15.511 0.0499351
49 78.6357 127.968 89.9176 0 -0.888097 0.111253 -0.445988 15.511 0.0521982
50 52.9052 142.836 -6.66459 0 0.0191099 0.49888 0.86646 15.511 0.0603237
51 125.905 97.6798 9.1207 0 0.73745 -0.374058 0.562359 15.511 0.0396725
52 -2.72913 16.8928 -36.5013 0 0.387131 0.397756 0.831817 15.511 0.07236
53 -53.5861 -92.803 -46.743 0 0.992648 -0.0569574 0.106797 15.511 0.0453673
54 -11.7707 164.767 -37.9031 0 -0.697588 0.676385 0.236376 15.511 0.0582799
55 31.4276 -185.821 71.1816 0 -0.961857 -0.116935 0.247299 15.511 0.0600164
56 -17.8174 119.205 -19.5355 0 -0.758315 0.404568 -0.511159 15.511 0.0715669
57 135.907 -70.8942 43.2071 0 0.456887 0.859077 0.230741 15.511 0.0647229
58 -35.4088 86.3202 24.8808 0 0.25867 0.908002 -0.329578 15.511 0.0606344
59 62.6732 16.5936 -134.577 0 0.714631 -0.504872 -0.484156 15.511 0.0555246
60 -103.732 -61.3149 -63.4399 0 -0.013566 0.0786065 0.996813 15.511 0.067417
61 -41.6054 -188.852 -63.6404 0 -0.587904 0.808271 -0.0326617 15.511 0.0685569
62 -143.3 -1.31614 15.3489 0 0.504457 0.525434 0.685159 15.511 0.0634864
63 -60.9742 13.3318 -25.8794 0 -0.943812 -0.0724037 -0.322455 15.511 0.0766528
64 73.1627 -160.207 32.7164 0 -0.445878 -0.232069 0.864486 15.511 0.0711811
65 75.5588 18.0906 78.9389 0 0.536358 -0.545026 0.644412 15.511 0.063966
66 -8.33221 23.3999 -48.6858 0 -0.854103 0.467923 -0.22706 15.511 0.0729077
67 111.418 -94.4613 7.39071 0 -0.784002 -0.59162 -0.187954 15.511 0.0730031
68 -88.3333 -63.2785 -25.4632 0 0.194692 -0.666598 -0.719543 15.511 0.0439857
69 6.94578 120.963 -62.4885 0 -0.38232 -0.613508 0.69097 15.511 0.0715665
70 62.7188 162.758 -29.8058 0 0.834525 -0.516873 -0.190815 15.511 0.0431683
71 31.2383 147.104 19.2268 0 0.863967 0.174336 0.472407 15.511 0.0668294
72 58.7684 84.2071 -115.529 0 -0.0364569 -0.99256 -0.116172 15.511 0.0657032
73 -130.987 71.3721 52.064 0 -0.809988 -0.486789 0.327041 15.511 0.0454844
74 -32.1138 -146.456 -118.177 0 0.147706 -0.792075 0.592284 15.511 0.0699842
75 -43.3267 104.023 -54.4408 0 -0.692474 -0.528785 0.490781 15.511 0.0314506
76 -116.425 -78.978 -60.2775 0 -0.162377 0.213664 -0.963318 15.511 0.0579346
77 -17.4462 -93.885 123.819 0 0.629926 0.657622 -0.413192 15.511 0.0640385
78 130.189 -190.731 61.0791 0 -0.919134 0.303088 -0.251656 15.511 0.0479105
79 40.1501 -21.1986 -120.411 0 0.0512263 0.451989 -0.890551 15.511 0.0439445
80 102.283 -173.198 30.4645 0 -0.118326 -0.933895 0.337399 15.511 0.035918
81 -103.267 -88.5434 -18.3348 0 -0.515861 -0.450179 -0.728853 15.511 0.0550501
82 51.92 -13.3254 57.5865 0 -0.949081 0.229775 -0.215519 15.511 0.0732193
83 -59.8456 -172.209 87.9591 0 -0.475919 0.863067 -0.169164 15.511 0.052946
84 116.525 163.202 53.1553 0 -0.411479 -0.425881 -0.805798 15.511 0.0497867
85 -19.0707 110.275 103.368 0 -0.228581 -0.972763 -0.0385032 15.511 0.203043
86 14.8471 117.535 -34.4671 0 -0.919168 0.305714 0.248332 15.511 0.0607267
87 46.7795 -134.746 -37.4585 0 -0.443086 -0.0768628 0.893178 15.511 0.0765055
88 -117.43 78.1156 58.7149 0 -0.635599 -0.771823 0.0174218 15.511 0.0411659
89 40.7495 -41.5851 18.0159 0 0.462352 0.798596 0.385325 15.511 0.0699766
90 -62.365 -103.193 -119.564 0 0.38394 0.0760065 -0.920225 15.511 0.0638184
91 -48.5292 89.62 90.5388 0 0.852699 -0.148179 0.500946 15.511 0.0620463
92 -8.21811 -117.338 -8.37554 0 -0.318274 0.911357 -0.261018 15.511 0.0742423
93 96.5868 -145.651 49.8248 0 -0.115398 0.744554 -0.657512 15.511 0.0603698
94 -109.936 85.107 47.9819 0 0.464402 -0.300422 0.833113 15.511 0.0673202
95 16.2397 70.4152 -98.9227 0 -0.787375 0.157298 -0.596068 15.511 0.064613
96 7.73914 43.051 -69.5591 0 0.883769 0.370536 0.285756 15.511 0.0461596
97 119.769 10.3675 -87.2468 0 -0.23188 0.496648 -0.836405 15.511 0.0729092
98 12.2812 -31.8451 140.068 0 0.342889 0.126952 -0.930758 15.511 0.0652432
99 8.86338 -0.907848 64.3206 0 -0.140033 0.27194 0.952071 15.511 0.0426707
100 -31.7228 -141.973 85.6379 0 0.252124 0.917101 -0.308803 15.511 0.0635583
101 94.6593 -30.6329 27.3961 0 0.8909 0.234782 0.388813 15.511 0.0732386
102 -64.1423 -33.3485 107.749 0 0.20079 -0.844063 -0.497233 15.511 0.059924
103 49.5071 -67.1438 9.08266 0 0.513281 0.00519377 0.858205 15.511 0.0346264
104 -90.8194 -45.5332 3.61983 0 0.99102 0.0843829 -0.103725 15.511 0.0378858
105 91.5793 -89.6107 46.1907 0 -0.870451 -0.41597 -0.26322 15.511 0.0458556
106 -39.562 -28.2523 -30.9578 0 -0.63376 0.770077 -0.0730031 15.511 0.0644606
107 69.4873 -155.647 -5.87444 0 -0.0932767 -0.657488 0.747669 15.511 0.063116
108 -61.0801 139.151 -19.5278 0 -0.869837 0.490788 0.0501168 15.511 0.0675451
109 52.7585 -122.172 -53.9968 0 -0.0623911 -0.968412 -0.241425 15.511 0.068008
110 101.578 71.5039 54.761 0 -0.459416 -0.8608 0.218996 15.511 0.0783647
111 -3.85083 -19.9396 100.62 0 -0.18069 -0.922621 -0.340765 15.511 0.0701049
112 31.3635 166.332 30.4044 0 -0.00816192 0.924185 0.381858 15.511 0.0379933
113 -28.787 -1.93919 -33.1318 0 0.349935 -0.562323 0.749225 15.511 0.05623
114 13.3592 93.7545 -118.519 0 -0.651819 -0.71961 -0.23936 15.511 0.0472435
115 -16.4872 -31.9345 -8.98721 0 -0.49176 0.417409 0.764161 15.511 0.0669461
116 39.9464 95.4842 59.5266 0 0.821511 -0.567775 0.052462 15.511 0.0659736
117 -137.931 -80.1683 41.7252 0 0.912393 -0.409304 -0.00289476 15.511 0.0689648
118 -91.4121 107.721 -74.6714 0 0.216916 -0.796001 0.565092 15.511 0.0476934
119 47.4945 -178.422 36.4251 0 0.711373 -0.602858 0.361262 15.511 0.0670548
120 -61.9723 -24.5812 -21.9613 0 -0.228423 0.847966 0.478306 15.511 0.0657908
121 -116.15 -175.046 17.1517 0 0.810715 -0.584137 -0.039042 15.511 0.055312
122 -29.8464 37.8986 23.0503 0 -0.364948 -0.110797 0.924412 15.511 0.0624537
123 -4.72696 186.869 -134.581 0 -0.983385 0.0661647 0.169045 15.511 0.0537785
124 -97.9905 -47.5078 -41.7444 0 -0.993465 -0.0340538 0.108935 15.511 0.0572828
125 -80.1824 116.164 125.6 0 0.072433 0.776154 0.626369 15.511 0.0665619
126 -99.278 -29.2784 7.07772 0 0.946704 -0.219214 -0.236 15.511 0.0566957
127 -71.0033 -114.598 -101.049 0 0.0252694 0.927398 0.373223 15.511 0.0531873
128 1.11528 50.0167 59.9564 0 -0.39982 0.900645 -0.170241 15.511 0.0429507
129 -92.341 -15.3095 51.9672 0 0.309492 0.0738286 -0.948032 15.511 0.0687152
130 -6.83554 123.473 -67.7944 0 -0.636705 0.763167 0.110375 15.511 0.0670236
131 -74.872 83.9208 -57.136 0 0.670064 -0.177392 0.720796 15.511 0.0571375
132 -111.338 11.8594 62.8345 0 -0.970955 -0.159299 -0.178524 15.511 0.0562419
133 39.884 71.8222 53.9465 0 0.164996 0.214019 -0.962794 15.511 0.0566034
134 23.7634 -67.3675 -66.5199 0 -0.649651 -0.640258 0.409907 15.511 0.0728614
135 -6.49815 74.8624 65.7952 0 0.197653 0.848063 -0.491652 15.511 0.0551462
136 -98.9237 -121.005 -71.6237 0 0.811742 0.550928 0.193785 15.511 0.0678932
137 36.2532 176.867 -132.863 0 0.0555014 0.478741 0.8762 15.511 0.0628368
138 89.1814 24.6417 -88.5572 0 -0.488551 0.586937 0.645619 15.511 0.060147
139 -46.6621 -136.381 -54.4337 0 -0.773444 -0.627841 -0.0871787 15.511 0.065557
140 -45.2951 1.81914 -88.117 0 0.465423 0.68014 0.566384 15.511 0.0616401
141 94.8921 42.497 -69.4618 0 0.523095 -0.0736148 0.849089 15.511 0.0610569
142 0.952899 -53.1578 59.9411 0 0.832092 -0.00185573 0.554634 15.511 0.0508821
143 -2.96175 -115.284 122.257 0 0.0384926 -0.709371 0.703783 15.511 0.0648741
144 -98.5542 98.5339 17.4098 0 0.536223 0.503993 -0.677094 15.511 0.0536348
145 37.4302 -85.9265 -89.8515 0 0.2858 -0.641597 -0.711809 15.511 0.0697637
146 -108.049 -127.606 -17.4653 0 -0.27902 0.739782 -0.612267 15.511 0.183586
147 82.241 -7.30784 -55.3207 0 0.931471 -0.360486 0.0491103 15.511 0.0620873
148 -48.033 181.365 -103.206 0 0.0624387 0.969276 0.237921 15.511 0.0613618
149 128.1 -20.0526 48.2161 0 -0.104828 0.358434 0.927651 15.511 0.00484998
150 -98.6744 -41.5584 44.0202 0 0.675215 0.273933 -0.684868 15.511 0.0722439
151 109.645 117.613 -66.8059 0 -0.569162 -0.0758226 -0.818722 15.511 0.0556932
152 -59.8611 79.636 -19.951 0 -0.653334 0.525573 -0.54491 15.511 0.0563754
153 13.9186 -38.9036 14.6695 0 -0.350715 0.886755 -0.301106 15.511 0.0417917
154 -13.9357 38.6321 -127.241 0 0.422132 -0.0670475 0.904052 15.511 0.0464751
155 -33.512 -155.777 15.5559 0 -0.376743 -0.868253 -0.322802 15.511 0.0433153
156 10.8783 -3.35705 32.8513 0 0.841242 0.503893 -0.195969 15.511 0.0691404
157 -81.3333 -18.7752 -63.4726 0 -0.680779 -0.603703 -0.414829 15.511 0.0758556
158 30.2224 118.62 19.1397 0 -0.768501 0.603917 -0.2114 15.511 0.0652565
159 98.9469 94.5165 12.6375 0 0.384597 0.869346 -0.310358 15.511 0.0622289
160 -19.9202 185.131 -81.9161 0 0.247512 0.024976 -0.968563 15.511 0.0652562
161 57.8546 121.567 -65.5473 0 -0.501844 -0.0953975 -0.859681 15.511 0.023082
162 -16.2557 -48.0134 -83.7966 0 -0.264525 0.564923 0.781594 15.511 0.073411
163 134.536 -168.172 14.7957 0 -0.627709 -0.170704 -0.759501 15.511 0.0611272
164 22.814 -152.82 130.849 0 -0.00255179 -0.866772 -0.498697 15.511 0.0551172
165 132.172 -114.884 -36.1612 0 0.819574 0.0270779 -0.572333 15.511 0.0782783
166 -62.0075 88.9789 -129.517 0 0.83832 0.320689 -0.440884 15.511 0.0619146
167 -52.7252 -22.1263 67.5459 0 0.689453 0.276875 0.669325 15.511 0.0598323
168 -74.8168 -58.9008 -93.4139 0 -0.438706 -0.251309 -0.862775 15.511 0.0709316
169 -51.0943 159.628 -36.4132 0 -0.516725 0.721962 -0.460181 15.511 0.0564008
170 80.0693 -27.582 16.0768 0 -0.693292 0.408544 0.593665 15.511 0.0743796
171 -93.9766 -66.5978 -92.7763 0 0.629149 -0.777268 0.00505757 15.511 0.0305467
172 43.8383 192.856 -44.433 0 0.625632 -0.408903 0.664366 15.511 0.0596895
173 -92.8845 -79.8149 -67.8177 0 0.929544 0.237939 -0.281663 15.511 0.0729063
174 -85.8774 15.1088 -77.1407 0 -0.368437 0.545426 0.752838 15.511 0.0733278
175 47.9817 183.383 -29.8088 0 0.834509 0.550537 -0.0224347 15.511 0.0726544
176 25.3768 -160.601 37.7515 0 -0.156331 -0.621101 -0.767981 15.511 0.0369234
177 99.1894 -187.757 -77.7285 0 0.494341 0.677725 -0.544349 15.511 0.0577882
178 9.94064 -171.03 -91.8806 0 0.128799 0.932033 -0.338711 15.511 0.0726352
179 -14.5013 158.784 11.3178 0 -0.544119 0.194275 0.816206 15.511 0.0492594
180 -110.908 180.723 80.22 0 0.69886 -0.506652 0.504875 15.511 0.0636599
181 124.791 -54.1836 -8.06097 0 -0.914671 -0.392608 -0.0961044 15.511 0.0665923
182 106.176 -61.8564 4.71789 0 -0.612054 -0.575689 0.542192 15.511 0.0699124
183 -115.133 169.476 -4.86205 0 -0.261265 0.315979 -0.912084 15.511 0.0584008
184 -8.56839 -48.9898 59.4585 0 -0.619504 0.510187 0.596594 15.511 0.0712476
185 131 -87.6445 72.6401 0 0.0968464 -0.696899 0.710601 15.511 0.0666105
186 -98.5009 20.2335 29.2378 0 -0.453236 -0.808469 0.37544 15.511 0.152291
187 127.214 -114.741 25.2994 0 0.985915 0.159161 -0.0513747 15.511 0.0569825
188 -25.0524 139.286 59.5941 0 -0.929957 0.361756 0.0656732 15.511 0.0660745
189 80.402 -21.6954 30.6447 0 0.931102 0.312215 0.188601 15.511 0.0596645
190 93.9061 -161.179 -82.8915 0 0.386856 0.00537062 -0.922125 15.511 0.0687879
191 -45.1821 -19.3841 -118.26 0 -0.0350781 -0.629511 -0.776199 15.511 0.05437
192 66.2146 -3.51303 -19.9915 0 0.948592 0.172487 -0.265371 15.511 0.0529746
193 -8.71798 50.4128 -130.603 0 0.182721 -0.2139 0.959614 15.511 0.0506632
194 -16.2666 -190.142 39.8771 0 0.195793 -0.907014 0.372814 15.511 0.0352435
195 141.854 158.843 -2.28951 0 0.570651 0.543814 0.615323 15.511 0.0699347
196 -84.1742 152.751 -114.773 0 -0.747798 -0.648383 -0.142824 15.511 0.0688534
197 -91.1077 42.1884 46.3942 0 -0.290157 -0.840578 0.457425 15.511 0.0696637
198 15.1173 -52.0316 -62.1988 0 -0.112629 -0.671713 -0.7322 15.511 0.065793
199 -51.9486 -111.313 132.959 0 0.302556 0.742926 0.597094 15.511 0.0670825
200 5.32451 174.948 70.3084 0 -0.376945 0.0293923 0.925769 15.511 0.0653244
201 61.6025 -1.86262 -133.396 0 0.496934 -0.133791 -0.857413 15.511 0.0584743
202 -42.5393 -71.6371 15.4708 0 0.328338 0.908564 -0.258273 15.511 0.0558635
203 -1.47185 -67.6614 148.128 0 -0.429809 -0.0658602 0.900515 15.511 0.0433541
204 -21.1142 98.5081 129.665 0 0.923224 -0.313567 -0.222109 15.511 0.0142209
205 -29.9533 21.0662 0.417059 0 0.358761 0.678527 0.641009 15.511 0.0482688
206 -64.7498 89.0824 47.5546 0 0.0162846 0.996557 -0.0812943 15.511 0.0539576
207 -50.9752 60.7172 85.2067 0 0.471074 0.636362 -0.610847 15.511 0.0704225
208 -99.0211 -29.7367 -8.45178 0 0.0724422 0.131493 -0.988667 15.511 0.0609878
209 98.1939 -72.6521 101.231 0 0.870574 0.451005 0.196709 15.511 0.0713801
210 -44.822 -157.159 43.4166 0 -0.73411 -0.571907 -0.366068 15.511 0.0642284
211 -131.975 27.338 0.503867 0 0.676332 -0.721492 0.148406 15.511 0.0121133
212 -40.1207 -171.821 -95.6164 0 -0.126681 0.134638 0.982764 15.511 0.0726284
213 87.857 -0.0839464 12.5608 0 0.544672 -0.822588 -0.163344 15.511 0.0671622
214 73.1911 -158.682 98.4182 0 0.741077 0.0830965 0.666259 15.511 0.0426798
215 -60.0859 -160.54 40.3744 0 -0.621683 -0.703189 0.345014 15.511 0.0447129
216 47.5309 157.592 24.9676 0 0.676939 0.642918 -0.358344 15.511 0.0730399
217 -36.6329 -30.3041 -51.3661 0 -0.350444 0.904795 -0.24194 15.511 0.0689017
218 32.8776 93.1075 -34.3923 0 0.922775 0.359944 0.137572 15.511 0.0482079
219 73.8638 58.257 70.1328 0 -0.0159179 -0.855916 -0.51687 15.511 0.0427525
220 -27.9167 -26.5076 103.119 0 -0.631306 0.771354 0.0804108 15.511 0.0473689
221 -85.9503 -110.301 -103.089 0 0.973513 0.218284 -0.0679985 15.511 0.0479096
222 35.0384 -158.056 -59.7318 0 -0.296438 0.905597 0.303345 15.511 0.102864
223 -11.5729 56.9392 37.2141 0 -0.858722 -0.397484 0.323425 15.511 0.0707974
224 83.9939 -144.508 104.092 0 -0.614419 -0.348476 0.707851 15.511 0.072583
225 24.6507 46.144 140.632 0 0.940245 0.158583 0.301314 15.511 0.0666402
226 18.6749 188.853 -96.4917 0 0.731773 -0.319758 0.601883 15.511 0.0612906
227 -92.4425 11.6555 8.16157 0 0.0639119 -0.612623 -0.787787 15.511 0.0648954
228 -77.139 48.2576 99.5476 0 0.70255 -0.158558 -0.693745 15.511 0.0718797
229 -70.6897 93.068 -98.5203 0 0.909471 0.124881 -0.396569 15.511 0.0543361
230 -108.712 54.1267 -42.7167 0 0.0906147 -0.972213 -0.215851 15.511 0.0428456
231 127.927 -175.056 66.3794 0 0.372141 -0.107329 -0.92195 15.511 0.0506463
232 -43.6047 89.9087 15.7781 0 0.554582 0.802079 0.221606 15.511 0.0705342
233 64.4172 65.2389 82.1762 0 0.522608 -0.849391 -0.0735906 15.511 0.0696903
234 103.918 -108.381 -94.4877 0 -0.649462 -0.529214 0.546014 15.511 0.0657949
235 30.3263 -95.0877 -129.806 0 0.414719 0.850459 0.323615 15.511 0.0571366
236 -85.4188 13.4348 -107.574 0 -0.821394 -0.570282 0.00957096 15.511 0.033861
237 -43.9212 125.22 -105.498 0 -0.685891 0.264682 -0.677862 15.511 0.0651968
238 -37.4163 -63.9621 -117.791 0 -0.253129 -0.729943 -0.634908 15.511 0.0572015
239 -137.296 -35.6542 47.7998 0 -0.80771 -0.50367 0.306466 15.511 0.0507414
240 -21.4876 151.212 95.0097 0 0.161975 -0.0439208 -0.985817 15.511 0.0685167
241 6.71053 -70.3489 -17.1629 0 0.428776 0.692519 -0.580146 15.511 0.0518374
242 -113.3 -41.8962 95.6906 0 -0.0317096 -0.902767 -0.428959 15.511 0.070788
243 84.5821 56.6648 -112.375 0 0.925713 0.259563 0.275105 15.511 0.0640325
244 107.881 -76.867 -68.8819 0 -0.0473498 0.36845 -0.928441 15.511 0.0552184
245 117.801 129.523 42.4698 0 0.596208 -0.764616 -0.244742 15.511 0.0373171
246 -33.6837 -35.6512 62.2086 0 -0.354813 -0.0725795 -0.932116 15.511 0.0521762
247 75.0984 63.7074 -63.4401 0 -0.84854 0.00888398 -0.529057 15.511 0.0563246
248 -40.1878 -53.2077 115.429 0 -0.986158 -0.12444 -0.109574 15.511 0.0614826
249 110.652 194.155 -55.7115 0 -0.813983 0.260029 0.519438 15.511 0.0617746
250 48.5359 153.548 79.4019 0 0.497608 0.114634 0.859794 15.511 0.0647985
251 9.85651 -172.751 131.281 0 0.789483 -0.166426 -0.590778 15.511 0.0741716
252 -107.414 -131.823 88.3748 0 0.159913 -0.965464 -0.205686 15.511 0.0588284
253 95.8631 178.56 4.70899 0 0.343757 0.0658383 0.936748 15.511 0.0631034
254 -72.3127 -70.0498 127.876 0 -0.153624 0.986518 -0.0564158 15.511 0.0671033
255 -14.7938 -101.43 62.0622 0 -0.54704 0.267733 -0.793137 15.511 0.0518526
256 29.1544 36.9141 74.7846 0 0.170337 -0.3692 -0.913607 15.511 0.053639
257 41.5889 16.3686 -33.6508 0 -0.638296 -0.657022 0.401124 15.511 0.0738908
258 86.41 -187.433 27.3585 0 0.833564 -0.0771889 -0.547004 15.511 0.060228
259 -104.749 -64.9658 -22.7643 0 -0.495478 0.746164 -0.444679 15.511 0.0928865
260 -32.4304 135.282 -19.3571 0 0.767008 0.515673 -0.381811 15.511 0.0538066
261 -118.214 76.6158 26.6309 0 -0.262132 0.868787 -0.420113 15.511 0.035439
262 108.399 -0.690476 71.0137 0 -0.0700046 0.676786 0.732844 15.511 0.0559569
263 -114.073 2.14974 38.8106 0 -0.387215 -0.498787 0.77542 15.511 0.070124
264 67.0187 -193.846 -95.1046 0 0.647388 -0.728019 0.225559 15.511 0.0477374
265 45.2961 -16.7756 -56.0389 0 -0.00844292 -0.960688 0.277501 15.511 0.0642248
266 -29.6723 42.5932 121.964 0 -0.827747 0.561059 0.00691307 15.511 0.0487803
267 -37.3147 12.4946 76.8401 0 -0.870136 0.492551 -0.0160035 15.511 0.0499656
268 -14.7849 -186.907 -90.6816 0 -0.355354 -0.328585 -0.875074 15.511 0.0688344
269 62.7868 136.461 125.81 0 -0.164461 0.404551 -0.899606 15.511 0.0739091
270 136.128 -155.246 19.8866 0 0.327603 -0.935965 -0.129017 15.511 0.0629844
271 84.4505 48.9305 -34.0481 0 0.0221523 -0.442073 -0.896706 15.511 0.0569357
272 -17.822 186.256 -100.756 0 0.778642 -0.498654 -0.380868 15.511 0.0682075
273 -6.00899 -46.0255 124.808 0 0.474421 -0.844778 0.247538 15.511 0.0678217
274 -111.809 8.1288 -78.5641 0 -0.889412 0.389576 -0.239116 15.511 0.0658249
275 74.4293 -135.544 93.2937 0 -0.23427 0.969579 -0.0709484 15.511 0.0696706
276 -113.134 -77.8764 58.7743 0 -0.794339 -0.219931 -0.566265 15.511 0.0754859
277 -115.783 -24.2823 -80.8823 0 0.546855 -0.836332 0.0387248 15.511 0.0379868
278 -133.87 25.7998 -24.1867 0 -0.150328 0.597647 -0.78754 15.511 0.0514825
279 118.302 134.348 6.84403 0 -0.499027 -0.169593 0.84983 15.511 0.0425385
280 -80.6394 -66.0679 13.075 0 0.908576 -0.212063 -0.359887 15.511 0.065558
281 98.2828 -122.742 15.8803 0 0.995525 0.0934559 -0.0139875 15.511 0.0710032
282 -39.5719 -193.63 15.1205 0 -0.243348 -0.948428 -0.203142 15.511 0.0448321
283 127.254 125.9 8.84 0 0.151909 0.76597 -0.624671 15.511 0.0426762
284 -3.16486 -105.127 66.8313 0 0.0945 0.894622 0.436717 15.511 0.0655874
285 -109.191 24.2727 -81.2158 0 -0.824236 0.533486 0.189809 15.511 0.0596818
286 118.306 190.14 7.63241 0 0.199862 0.974326 -0.103655 15.511 0.0665206
287 -94.3646 96.2689 96.5505 0 -0.886904 -0.239069 -0.395282 15.511 0.0287213
288 13.8551 46.3184 -114.27 0 0.148441 0.362566 -0.920061 15.511 0.0730055
289 74.6699 -77.6781 129.449 0 -0.261445 -0.856147 0.445711 15.511 0.0523587
290 16.3618 75.4809 -73.9317 0 -0.693614 0.475939 -0.540723 15.511 0.0632738
291 -87.3989 -101.466 -86.1217 0 -0.84325 -0.513933 0.157487 15.511 0.0675785
292 58.9631 -161.157 -48.9852 0 -0.974444 0.0921819 -0.204846 15.511 0.0473559
293 -34.297 15.597 27.54 0 -0.813199 -0.568478 -0.124665 15.511 0.0542311
294 12.5861 42.9959 143.452 0 0.495743 -0.449794 -0.742916 15.511 0.0589086
295 8.31211 167.992 -115.253 0 0.289751 0.0891002 -0.952946 15.511 0.0638071
296 12.1397 114.817 -29.5272 0 0.51876 -0.71065 0.475252 15.511 0.0714513
297 -26.7623 96.3637 -110.343 0 0.23938 0.183775 -0.953375 15.511 0.0681416
298 113.577 -87.529 30.1646 0 0.364593 -0.608088 0.705195 15.511 0.0556868
299 75.2334 51.6506 101.632 0 0.107583 -0.822827 -0.558016 15.511 0.0358452
300 78.1954 0.615218 121.096 0 -0.695132 0.173402 -0.697655 15.511 0.0726672
301 40.7929 -55.0634 -137.649 0 0.646014 0.683492 0.33986 15.511 0.0653297
302 71.161 -65.8886 5.7414 0 -0.973509 0.21961 0.0636536 15.511 0.0453671
303 49.2946 95.5452 44.417 0 -0.671743 -0.721307 -0.168751 15.511 0.0597421
304 117.779 -81.9124 63.7523 0 0.0126703 0.202521 -0.979196 15.511 0.0538968
305 -0.749552 -168.52 23.2879 0 -0.200696 -0.666409 0.718067 15.511 0.0695185
306 12.9792 157.221 -108.857 0 -0.3498 -0.273062 0.896146 15.511 0.0588278
307 1.02523 -152.13 64.7727 0 0.557379 -0.497435 0.664745 15.511 0.0796648
308 -136.776 133.343 -4.91818 0 0.219662 -0.584108 0.781388 15.511 0.0104516
309 -18.3831 33.5438 -133.558 0 0.569308 0.691128 -0.445231 15.511 0.0557015
310 -51.2009 -106.569 -69.2855 0 -0.370865 0.800733 -0.47041 15.511 0.0432136
311 -56.2815 173.45 -3.99279 0 -0.877002 0.105443 -0.468775 15.511 0.0582725
312 -23.196 -66.2994 -16.3532 0 0.972578 -0.0619632 -0.224171 15.511 0.0643004
313 -13.6576 -170.535 -129.749 0 0.459867 0.841969 0.282152 15.511 0.0401782
314 41.1146 -121.108 93.4338 0 0.848352 -0.353581 -0.394056 15.511 0.0583153
315 67.6994 -141.291 -128.783 0 0.083375 0.939413 -0.332494 15.511 0.0440938
316 -0.59765 162.281 -114.589 0 -0.809816 0.237085 0.536647 15.511 0.0447966
317 8.90429 88.7239 97.6658 0 -0.537468 0.820771 -0.193555 15.511 0.0696278
318 68.9078 -75.705 -23.7259 0 0.329575 0.203143 -0.922016 15.511 0.0571883
319 -120.279 -130.024 -7.60606 0 0.398336 0.521723 0.754409 15.511 0.0476133
320 89.7859 -118.014 -61.6196 0 -0.839701 -0.460212 -0.288282 15.511 0.0579972
321 107.478 -11.9301 -38.5996 0 0.745609 -0.6615 0.0805279 15.511 0.0429728
322 -25.9212 165.889 66.1995 0 0.879962 -0.391571 0.26896 15.511 0.0434573
323 39.6286 -169.204 -43.8106 0 -0.437786 0.67623 -0.5925 15.511 0.0613966
324 18.7467 -110.35 126.093 0 -0.0399856 0.42959 -0.902138 15.511 0.001782
325 99.6724 146.318 60.8182 0 -0.748145 -0.56182 -0.353041 15.511 0.068407
326 123.512 62.4618 60.6667 0 0.185627 -0.90218 0.389376 15.511 0.0677032
327 -139.731 51.4818 27.0676 0 0.0165512 -0.992867 0.118073 15.511 0.0614469
328 52.4686 40.4664 9.19617 0 -0.445631 0.792835 0.415723 15.511 0.0497738
329 -120.53 88.6649 -57.0434 0 0.710109 -0.43708 -0.552002 15.511 0.0113417
330 58.4394 115.764 -132.882 0 0.489346 0.653976 -0.576937 15.511 0.0578853
331 -47.2398 125.144 108.218 0 -0.542044 0.762649 0.352922 15.511 0.0610499
332 -102.81 18.8026 84.2406 0 -0.898384 0.3351 -0.283927 15.511 0.0547254
333 63.8555 26.8732 122.384 0 -0.0407915 0.938664 0.342412 15.511 0.0717613
334 23.7596 62.2031 -92.5328 0 -0.746126 0.664766 -0.0371727 15.511 0.0573705
335 48.3427 106.916 -130.136 0 -0.407298 0.272891 -0.871573 15.511 0.045683
336 -72.6478 -169.179 -120.727 0 0.701823 0.649572 0.292405 15.511 0.0697111
337 -130.669 107.468 -23.9791 0 0.81071 0.581615 -0.0668786 15.511 0.0650891
338 17.0017 82.1056 88.6879 0 -0.724855 -0.230279 0.649274 15.511 0.0752677
339 34.7191 -57.2879 -47.64 0 -0.376807 0.0167738 -0.92614 15.511 0.0721012
340 -86.8565 121.259 42.5595 0 0.0596863 -0.267917 0.961591 15.511 0.0760138
341 -114.92 91.3427 -37.9819 0 0.750208 0.261139 0.607449 15.511 0.0201467
342 11.2895 36.6714 -81.7974 0 0.306193 0.384839 0.870715 15.511 0.0468207
343 -122.796 117.285 28.8028 0 -0.451063 0.867025 0.211685 15.511 0.0516573
344 61.002 -173.987 -50.4311 0 -0.923275 -0.344338 0.17028 15.511 0.0533574
345 -24.4899 -192.522 -100.33 0 -0.886967 -0.449888 -0.104357 15.511 0.0748511
346 134.499 165.747 -46.6709 0 0.34193 -0.0226575 -0.939452 15.511 0.0688389
347 -81.8233 -110.879 107.43 0 -0.982951 0.00398862 0.183825 15.511 0.0670828
348 69.0514 43.2166 -44.8555 0 -0.942945 -0.242359 0.228292 15.511 0.0722004
349 135.307 -12.148 20.882 0 -0.192426 0.0078772 -0.98128 15.511 0.0642748
350 128.33 -92.862 -37.9138 0 0.561937 0.815822 0.136607 15.511 0.0490681
351 -1.39055 -41.1461 -80.8415 0 0.900751 0.434256 0.00832355 15.511 0.0679584
352 65.4789 62.9385 -50.2402 0 -0.894552 0.189704 -0.404709 15.511 0.0691537
353 -51.2769 -185.491 -78.7504 0 0.59515 0.166039 -0.786274 15.511 0.0704102
354 56.3372 -175.131 134.706 0 -0.28865 -0.904237 0.3147 15.511 0.0566998
355 17.5358 -86.685 -0.234857 0 -0.172046 -0.257889 -0.950733 15.511 0.068975
356 -108.362 -39.0967 -98.9499 0 0.660476 0.0708786 0.747495 15.511 0.0727178
357 -3.58409 143.295 75.4969 0 0.104043 0.465985 -0.878654 15.511 0.0742956
358 -61.3754 171.336 -15.6503 0 -0.431236 -0.846991 -0.310872 15.511 0.0751362
359 104.424 -159.87 92.6976 0 -0.442401 0.684134 0.579864 15.511 0.0523176
360 0.341463 -188.389 140.817 0 -0.652834 -0.728668 -0.207004 15.511 0.0700587
361 85.4659 -74.2259 -12.5727 0 0.0708722 0.935646 0.345751 15.511 0.0715846
362 27.6068 -88.3134 -127.064 0 -0.11824 -0.388111 -0.913996 15.511 0.03409
363 -134.514 -98.9048 29.216 0 0.841407 0.126184 -0.525463 15.511 0.0737715
364 -13.1693 -172.58 25.5855 0 0.320349 0.780783 -0.536428 15.511 0.0638781
365 -0.541109 -39.4632 -25.802 0 -0.960956 -0.254363 0.108919 15.511 0.0206662
366 86.9345 -110.217 105.109 0 0.0520182 -0.342701 0.938003 15.511 0.0558002
367 99.0552 -79.1416 -9.02529 0 -0.150955 -0.987317 -0.0491635 15.511 0.047221
368 124.57 176.344 34.4405 0 -0.391542 0.523886 0.756464 15.511 0.0694018
369 -56.0001 124.528 -71.5565 0 0.678285 0.420908 -0.602301 15.511 0.0772043
370 -87.4998 44.7544 118.195 0 0.605637 0.304968 0.734981 15.511 0.0741122
371 -26.4179 -140.79 80.0714 0 -0.835582 0.256075 0.486033 15.511 0.0662163
372 67.9003 115.338 69.5266 0 -0.139134 -0.563162 -0.814549 15.511 0.0732808
373 130.853 21.2945 61.5871 0 -0.0256213 -0.00711143 0.999646 15.511 0.0688571
374 93.8046 -176.45 -35.7738 0 -0.435806 -0.756966 -0.486904 15.511 0.0409683
375 21.5894 -108.928 86.5263 0 0.0715712 0.414635 0.907169 15.511 0.0732184
376 49.2641 12.3411 -87.5967 0 -0.432812 -0.899485 -0.0599999 15.511 0.10576
377 -30.0993 -100.692 -113.142 0 0.431487 -0.485591 0.760277 15.511 0.0604681
378 42.5404 61.4874 -30.0195 0 0.605042 0.0916764 0.790898 15.511 0.0610807
379 80.6585 173.317 -114.267 0 -0.560409 0.825949 0.0612431 15.511 0.0717752
380 -16.1657 182.365 -39.3129 0 0.410074 0.371267 -0.833067 15.511 0.0675422
381 105.326 -25.5068 30.12 0 -0.153305 0.986069 -0.0645379 15.511 0.120212
382 34.9264 131.61 -75.1679 0 -0.8339 -0.199023 0.514783 15.511 0.0611317
383 30.2838 162.475 -109.088 0 0.721333 0.513391 0.464874 15.511 0.0740621
384 31.9308 -53.7283 27.6692 0 -0.429666 0.746192 -0.508513 15.511 0.0643373
385 25.7259 -87.4402 137.268 0 0.401706 0.915767 -0.00168645 15.511 0.0451311
386 -18.5416 -108.238 -133.534 0 -0.247263 0.18253 -0.951601 15.511 0.0692333
387 48.3309 173.414 -26.387 0 0.149755 0.937238 -0.314895 15.511 0.0788388
388 40.7804 61.3689 -84.0373 0 -0.781929 0.126984 0.610297 15.511 0.0575026
389 -31.5822 -62.8697 53.1076 0 0.0673248 0.637359 -0.76762 15.511 0.0708279
390 115.233 175.476 -95.2906 0 0.195801 0.493803 -0.847243 15.511 0.0330788
391 -82.8699 80.0727 -105.143 0 0.114276 -0.984942 0.129733 15.511 0.0442725
392 -27.8225 11.488 -15.4683 0 -0.00196227 0.781681 -0.623675 15.511 0.0292487
393 -6.42763 125.36 -106.041 0 0.576078 -0.198005 0.79305 15.511 0.0571553
394 -147.262 -35.4338 -17.0851 0 -0.785083 -0.568352 0.246212 15.511 0.0576597
395 15.8128 -118.684 45.003 0 0.983485 -0.179891 -0.0199341 15.511 0.0632401
396 -30.0971 -74.2604 116.205 0 -0.61531 -0.55823 -0.556573 15.511 0.0457551
397 -94.387 44.6495 53.0714 0 -0.681061 0.714704 0.159227 15.511 0.0672186
398 -108.561 -91.4712 65.9958 0 0.0334256 -0.746676 -0.664348 15.511 0.0303876
399 121.297 -36.5511 -88.1182 0 -0.884517 -0.375055 0.277424 15.511 0.0652974
400 31.2973 -3.844 49.0787 0 -0.201771 -0.925407 -0.320798 15.511 0.056126
401 -57.5374 185.835 73.4744 0 -0.266323 -0.912476 -0.310579 15.511 0.0586243
402 8.56338 104.222 14.2766 0 0.606331 -0.437958 -0.663744 15.511 0.0613578
403 -78.2027 -129.575 56.0544 0 -0.0924027 -0.412961 -0.906049 15.511 0.0330043
404 109.373 63.1681 40.4379 0 0.263215 -0.603823 -0.752406 15.511 0.0469994
405 -30.2712 11.2842 -143.184 0 -0.558851 -0.351141 0.751256 15.511 0.0704781
406 -112.954 52.494 54.0701 0 -0.0739175 0.617622 0.782994 15.511 0.0764226
407 -45.4274 51.7432 20.9615 0 0.62059 0.640976 -0.451684 15.511 0.0664356
408 43.0991 -155.256 50.9101 0 0.123882 -0.238145 0.963297 15.511 0.0536995
409 -29.5122 -115.203 71.3019 0 0.869777 -0.418433 -0.261538 15.511 0.0667827
410 -40.4885 -77.9603 65.3652 0 -0.77739 -0.608206 -0.160471 15.511 0.0479362
411 -135.712 119.925 -14.4931 0 0.899484 -0.326133 -0.290803 15.511 0.0548507
412 33.4294 -43.7049 -129.355 0 -0.795726 -0.591141 0.131802 15.511 0.0531577
413 -4.48406 58.7926 -53.7134 0 -0.186484 0.743672 -0.642009 15.511 0.0733595
414 -44.9782 -98.7576 -51.6579 0 -0.691227 -0.391751 0.607237 15.511 0.0568044
415 -89.8234 -146.398 11.6328 0 0.467478 -0.868406 -0.165336 15.511 0.0743167
416 -10.107 -170.955 126.234 0 -0.831503 0.34384 0.436322 15.511 0.0565274
417 -16.2737 54.4026 91.8112 0 0.661395 0.690205 -0.293554 15.511 0.0636224
418 -106.37 52.3938 -76.1145 0 0.468002 0.875213 -0.122374 15.511 0.0743964
419 -38.2357 -189.391 -45.2627 0 -0.375366 0.790901 0.483298 15.511 0.0603425
420 -1.47223 -46.7009 94.5384 0 -0.294832 -0.221167 -0.929602 15.511 0.0593162
421 57.2283 -4.95727 17.7865 0 0.134532 0.905548 -0.402348 15.511 0.0560489
422 92.9708 -130.201 -82.4444 0 0.614541 -0.585382 -0.528835 15.511 0.0564719
423 -43.0833 119.891 50.4938 0 0.281947 0.454889 -0.844738 15.511 0.065535
424 -67.2923 -188.087 -112.959 0 0.158348 -0.886553 0.434684 15.511 0.0539093
425 -35.6499 167.408 -72.6258 0 0.457566 0.532886 -0.711804 15.511 0.0609373
426 -45.253 127.973 -46.5939 0 -0.386627 0.117804 -0.914681 15.511 0.0717385
427 69.9091 47.6127 78.4944 0 -0.265121 0.528034 0.806778 15.511 0.0754621
428 -82.0569 190.803 -107.452 0 0.518872 -0.813933 -0.261314 15.511 0.0450386
429 -42.8633 110.881 -54.4752 0 -0.201988 -0.16013 -0.966209 15.511 0.0724913
430 82.1158 -48.6891 118.61 0 -0.710748 0.267141 0.650748 15.511 0.0499538
431 -26.4815 -97.2525 -21.5202 0 0.761088 -0.606043 0.231207 15.511 0.0508575
432 56.798 -189.193 -98.2308 0 -0.0545502 0.167856 0.984301 15.511 0.0623787
433 -63.3074 -144.357 -14.7409 0 -0.912254 0.195074 -0.360194 15.511 0.0611907
434 -4.00813 -110.496 39.5141 0 0.744944 -0.66135 0.0876037 15.511 0.0612615
435 63.6575 -157.908 8.00747 0 -0.0551883 0.924792 -0.37645 15.511 0.0677496
436 78.4171 37.0682 11.9988 0 -0.676109 0.439355 0.591475 15.511 0.0677481
437 -104.281 78.0668 -20.1359 0 -0.381448 -0.86719 -0.320125 15.511 0.0670791
438 -120.355 61.7963 59.1446 0 -0.027372 -0.852236 0.522442 15.511 0.0608278
439 -25.7151 39.7067 -75.445 0 -0.0567427 -0.608274 -0.791696 15.511 0.0598281
440 9.70339 -190.627 -59.0721 0 0.145052 -0.733513 -0.664017 15.511 0.0487693
441 -126.508 101.295 -78.3251 0 -0.429435 0.883817 0.185616 15.511 0.0559947
442 0.096041 135.828 -69.375 0 -0.160125 -0.582446 0.796942 15.511 0.0678734
443 -51.1669 132.126 -101.841 0 -0.425205 -0.612423 0.666437 15.511 0.0597314
444 5.14187 51.1851 -46.5274 0 -0.456987 -0.739943 -0.493606 15.511 0.0634714
445 84.4483 -91.3663 -55.0086 0 0.291137 -0.661026 0.691581 15.511 0.0563079
446 30.9352 -150.436 -23.0671 0 0.354275 -0.528333 0.771592 15.511 0.0654634
447 -100.04 35.0394 -43.734 0 0.939266 0.296972 0.172012 15.511 0.0736745
448 -69.647 -74.6328 78.3439 0 0.147503 -0.192856 0.970077 15.511 0.063011
449 -14.947 111.144 -58.5207 0 -0.767326 -0.495718 0.406785 15.511 0.0383941
450 -75.9676 -169.687 -42.3882 0 0.489424 -0.302416 -0.81793 15.511 0.0525371
451 -2.66601 -121.241 -60.5495 0 -0.537688 -0.836032 -0.10928 15.511 0.0725244
452 -24.6916 3.68466 102.196 0 0.073117 -0.130927 0.988692 15.511 0.0551992
453 -25.0874 -14.9103 70.1261 0 0.861459 -0.507801 -0.00515008 15.511 0.0583703
454 -26.9235 47.7044 -146.243 0 0.335304 -0.672188 0.660102 15.511 0.0380953
455 43.8726 46.4489 -132.876 0 0.934582 -0.35234 0.0491214 15.511 0.0460669
456 28.1278 42.3822 -9.80107 0 0.196455 0.421486 0.885299 15.511 0.0553604
457 -70.971 -149.675 56.1735 0 0.0202143 -0.974924 -0.221617 15.511 0.0607103
458 64.8123 104.199 -83.9258 0 0.555097 -0.367106 0.746392 15.511 0.0780004
459 16.8644 11.6446 -75.046 0 0.862146 0.0731554 -0.50135 15.511 0.061873
460 -68.8784 4.28355 22.2563 0 0.822943 -0.48878 0.289582 15.511 0.0689729
461 -19.3691 53.7083 -44.7989 0 0.92323 -0.320871 0.211397 15.511 0.0434565
462 30.0458 11.5601 5.87911 0 -0.517166 0.684435 -0.513894 15.511 0.0752194
463 -125.181 21.859 36.9413 0 0.860922 0.281289 -0.423898 15.511 0.0701761
464 -101.617 -141.016 95.4191 0 0.703502 0.707658 0.0656037 15.511 0.0169306
465 -37.5862 34.4507 -3.34055 0 0.30726 0.00995078 0.951574 15.511 0.0399837
466 -128.745 13.9045 -57.6044 0 0.496329 0.388579 -0.776314 15.511 0.0552402
467 -36.1219 -78.067 144.577 0 -0.221248 0.953989 0.202372 15.511 0.0518592
468 -103.091 -115.773 -16.7972 0 -0.786678 0.53553 -0.307157 15.511 0.132516
469 135.06 -4.5619 -64.2357 0 -0.720742 0.0321148 -0.692459 15.511 0.0783361
470 16.3965 34.8947 84.5962 0 -0.456216 0.508563 -0.730227 15.511 0.069381
471 3.56017 -51.7135 97.2438 0 -0.634407 0.325896 -0.700942 15.511 0.0633568
472 26.073 -78.75 -117.454 0 -0.257339 -0.309519 -0.91541 15.511 0.0621053
473 -43.2246 -192.311 -122.162 0 -0.759612 -0.606634 0.234488 15.511 0.0632276
474 13.6381 155.481 148.887 0 0.835684 -0.0492058 0.547002 15.511 0.0447704
475 -9.37682 4.8146 -124.679 0 0.224684 0.55421 0.801479 15.511 0.063177
476 4.73573 -157.662 75.4526 0 -0.787245 0.616139 -0.0248663 15.511 0.0647626
477 -24.789 -173.249 -28.4329 0 0.918499 -0.374757 -0.126161 15.511 0.070501
478 68.3846 16.0778 -120.206 0 -0.104018 0.972696 0.207466 15.511 0.0689881
479 19.5028 151.633 -121.978 0 -0.746214 -0.294921 -0.596813 15.511 0.0714964
480 1.16236 -62.4531 113.345 0 0.0373681 -0.942976 0.330757 15.511 0.0724245
481 -19.022 46.2591 43.0436 0 0.199639 -0.878964 -0.433089 15.511 0.0721305
482 25.6136 133.154 -118.01 0 -0.588989 -0.377795 0.714397 15.511 0.0735967
483 99.5723 -53.6014 111.539 0 0.0900152 0.835784 -0.54163 15.511 0.0640823
484 53.6841 -45.1568 -39.5787 0 0.092857 0.908968 0.406393 15.511 0.0664152
485 18.6951 177.093 -52.5899 0 0.509127 -0.824949 -0.245458 15.511 0.0583982
486 -71.2014 137.537 107.902 0 0.865219 0.457871 0.204329 15.511 0.0450084
487 -20.0401 78.2594 -126.599 0 0.573753 -0.548396 0.608333 15.511 0.0709199
488 124.303 102.429 16.8756 0 -0.0881108 0.719531 -0.688848 15.511 0.0581436
489 58.8482 139.613 -123.87 0 -0.403403 -0.295201 -0.866096 15.511 0.0411329
490 -10.0874 38.0975 -26.4947 0 0.721088 -0.691265 -0.0467303 15.511 0.0755207
491 -86.6275 135.72 56.6868 0 -0.514409 -0.254256 0.818985 15.511 0.056729
492 17.0162 -130.684 -40.605 0 -0.253714 0.912997 -0.319478 15.511 0.0627199
493 -0.241882 81.6037 34.963 0 -0.648028 0.511545 0.564253 15.511 0.0462439
494 -24.4409 -85.7114 -8.11768 0 0.797743 -0.184195 0.574176 15.511 0.0747484
495 23.5135 110.849 144.192 0 0.496273 -0.0104226 0.868104 15.511 0.0638735
496 68.0822 117.791 5.18931 0 0.304888 0.554739 -0.774149 15.511 0.0647702
497 -127.704 -26.0114 30.438 0 0.306699 0.329389 -0.892994 15.511 0.0620529
498 -140.704 -175.354 28.2129 0 0.188584 -0.859113 -0.475774 15.511 0.0595449
499 126.928 22.3136 -30.4288 0 -0.471482 -0.662337 0.582249 15.511 0.076038
500 -40.4721 -100.083 -43.9028 0 0.281875 -0.454217 0.845123 15.511 0.0678937
501 96.8561 193.27 -82.5902 0 0.870493 -0.13032 -0.474614 15.511 0.0416193
502 117.581 13.5225 -36.4748 0 0.914978 -0.356557 -0.188897 15.511 0.042919
503 93.0265 -194.074 -28.969 0 -0.718128 -0.644006 0.263722 15.511 0.0653528
504 -1.921 -63.9599 -82.0241 0 0.543291 0.654095 -0.526303 15.511 0.0486702
505 -72.4811 19.2695 -22.5491 0 0.624442 -0.049548 0.779498 15.511 0.0624185
506 -135.386 130.725 -52.9684 0 0.709055 -0.196213 -0.677305 15.511 0.0625693
507 -110.674 -34.9354 29.1363 0 0.0717162 -0.26456 -0.961699 15.511 0.0762563
508 -2.13913 -57.926 -120.168 0 -0.0248228 0.198445 0.979798 15.511 0.0548329
509 -75.8964 -46.1955 -19.6435 0 0.686772 -0.219357 0.692984 15.511 0.0658387
510 14.377 -63.1541 148.786 0 0.711104 0.519884 0.473341 15.511 0.0601548
511 -32.3983 -141.545 71.1812 0 -0.386471 0.874247 0.293824 15.511 0.0724491
512 -95.1434 15.5245 -1.23652 0 -0.0372903 0.657853 0.752223 15.511 0.0470454
513 68.911 96.7799 25.0743 0 -0.481082 -0.75593 0.443992 15.511 0.0547242
514 -25.9781 -59.563 19.1743 0 -0.276588 0.761487 0.586206 15.511 0.0770232
515 -6.25425 -153.315 114.766 0 -0.698324 -0.63521 0.329927 15.511 0.0547982
516 20.1787 -28.644 -62.8217 0 -0.0562315 0.700215 -0.711714 15.511 0.0776675
517 63.9712 36.7544 14.2827 0 0.645708 -0.65249 0.396634 15.511 0.0195421
518 -87.1819 143.623 -6.32728 0 -0.537519 0.718427 -0.441516 15.511 0.114177
519 114.673 -193.7 -52.3858 0 -0.123587 0.919918 -0.372125 15.511 0.0738902
520 -146.531 -101.861 -25.4521 0 0.435829 0.820236 -0.370495 15.511 0.0743358
521 54.0418 -15.2885 109.319 0 0.532781 0.229613 0.814507 15.511 0.06362
522 -45.0538 124.577 76.3177 0 -0.280824 0.837252 0.469199 15.511 0.0547321
523 122.345 -187.456 -72.8981 0 0.239321 0.958635 -0.154092 15.511 0.0655415
524 -34.3118 -105.027 -29.2718 0 -0.62378 0.216229 0.751095 15.511 0.062837
525 26.8434 -6.63073 -92.7644 0 0.577108 -0.815639 0.0409734 15.511 0.0320005
526 -33.764 145.101 4.73438 0 -0.827223 0.472885 -0.303452 15.511 0.108172
527 -68.8342 41.8101 -34.0551 0 0.844939 -0.534336 0.0237399 15.511 0.072727
528 70.9229 -125.516 -15.2756 0 0.900559 0.256564 0.350953 15.511 0.079065
529 79.1437 26.8176 -88.1466 0 -0.899593 0.401688 0.1714 15.511 0.0682153
530 64.6014 21.358 -8.07498 0 0.306465 -0.458444 -0.834211 15.511 0.0757583
531 77.1786 160.272 -105.504 0 -0.182474 0.463406 0.867155 15.511 0.0058172
532 -86.3964 -40.692 -45.1473 0 0.359432 0.367732 0.85766 15.511 0.0481914
533 47.8598 51.6008 60.8157 0 -0.398868 0.288417 0.870471 15.511 0.036924
534 70.1624 -24.7544 -119.354 0 -0.986009 -0.153177 0.065747 15.511 0.0656639
535 -93.9154 139.762 89.8054 0 0.418631 -0.172324 -0.891657 15.511 0.0644363
536 -98.7317 -122.085 98.1952 0 0.593416 -0.179412 -0.784646 15.511 0.0719137
537 87.2916 145.424 -92.1605 0 -0.776193 -0.438161 0.453364 15.511 0.0760833
538 14.5769 172.58 -94.301 0 -0.666365 -0.2899 0.686962 15.511 0.0701649
539 72.0919 -145.394 108.92 0 -0.319511 -0.932674 -0.167429 15.511 0.0747334
540 100.561 130.407 -29.576 0 0.989281 -0.137262 -0.0498247 15.511 0.0568481
541 -149.058 15.5414 -2.9885 0 -0.599467 -0.672289 0.434357 15.511 0.0471109
542 -77.692 103.423 -32.8436 0 0.24828 -0.605991 -0.755733 15.511 0.0727739
543 -93.5436 83.6995 62.5242 0 0.310951 0.827569 -0.467374 15.511 0.0565373
544 -77.3238 130.535 -116.525 0 -0.172585 0.179479 0.968505 15.511 0.0636615
545 -31.0641 124.62 0.194876 0 -0.459084 0.568403 -0.682759 15.511 0.051768
546 67.6815 -95.3504 75.7591 0 -0.731426 -0.673056 -0.1096 15.511 0.0634717
547 -118.918 138.916 23.289 0 0.249353 -0.923572 0.291268 15.511 0.0695301
548 -104.875 2.58325 97.2342 0 0.475873 -0.216341 -0.852491 15.511 0.0623218
549 6.33933 139.362 107.291 0 0.617286 0.220007 -0.755351 15.511 0.0458994
550 -55.0313 -170.39 -35.0477 0 -0.616001 0.104094 -0.780837 15.511 0.0509068
551 25.4877 -116.819 -72.5062 0 0.440068 0.522496 0.7303 15.511 0.0675248
552 90.5094 -65.9021 74.1461 0 -0.560433 -0.609936 0.560262 15.511 0.0440098
553 -23.3709 24.9065 -49.7894 0 0.118697 -0.445088 0.887585 15.511 0.068789
554 131.574 -86.3791 9.60483 0 -0.372992 -0.0972621 -0.922723 15.511 0.0685151
555 90.6298 144.337 -79.3829 0 0.0851981 0.907519 0.411278 15.511 0.0598673
556 -90.292 12.2388 -104.336 0 0.957292 -0.205155 -0.203725 15.511 0.0678149
557 1.65094 35.2516 -84.1514 0 -0.277045 0.952394 -0.127245 15.511 0.0643297
558 -90.5077 164.4 83.2147 0 -0.115144 0.266922 0.956815 15.511 0.0570073
559 70.6074 174.375 25.6531 0 -0.675593 0.724056 0.138987 15.511 0.0473275
560 -25.7054 187.15 127.062 0 0.0656543 0.939616 -0.335873 15.511 0.07287
561 -1.63788 51.6714 -17.8961 0 0.679012 0.417768 -0.603666 15.511 0.068966
562 -97.2306 38.2815 -78.9542 0 0.419599 0.388585 -0.820329 15.511 0.0625017
563 17.7021 93.5675 -70.482 0 -0.568258 0.327716 -0.754774 15.511 0.0631721
564 45.949 -33.1156 89.3227 0 0.922514 -0.344804 0.17343 15.511 0.0683357
565 60.935 47.4143 59.4315 0 0.23704 -0.483982 -0.842362 15.511 0.0629902
566 46.6379 -104.423 24.7129 0 -0.961676 -0.0477268 0.270003 15.511 0.0683326
567 -111.411 -31.0098 -18.6089 0 -0.605429 0.552239 -0.573138 15.511 0.104162
568 33.8586 -144.484 4.11666 0 -0.915945 0.203897 0.345644 15.511 0.0400659
569 -73.0126 -65.9426 -102.056 0 -0.396935 -0.279541 0.874242 15.511 0.0594209
570 55.35 142.567 -23.3159 0 0.0676095 0.989298 0.129296 15.511 0.0735784
571 19.0888 -94.7125 -108.661 0 0.898015 -0.117392 -0.424015 15.511 0.0487415
572 62.7711 -186.756 131.218 0 -0.221369 0.908617 -0.354133 15.511 0.0629257
573 -22.1415 -79.0406 49.1003 0 -0.107428 -0.495376 0.86201 15.511 0.0665535
574 65.9225 73.4167 -17.8031 0 0.853233 -0.216952 -0.474263 15.511 0.0650831
575 -123.002 34.0868 12.1136 0 -0.160437 -0.704474 -0.691358 15.511 0.059973
576 80.5081 21.255 -56.5856 0 0.975321 0.165534 -0.146109 15.511 0.148332
577 -32.2831 -183.912 48.1912 0 0.438679 0.303591 0.845809 15.511 0.0635219
578 132.345 111.505 33.2012 0 0.819545 0.2519 -0.514678 15.511 0.0562917
579 80.4334 -126.647 -63.8886 0 0.10201 -0.990034 0.0970937 15.511 0.041404
580 9.45109 -52.3395 65.1842 0 -0.701025 0.529599 0.477586 15.511 0.0338491
581 -26.8676 135.449 15.2147 0 0.578414 -0.774149 -0.257158 15.511 0.0759922
582 -97.4602 179.714 24.2987 0 0.120695 -0.177208 0.976745 15.511 0.058465
583 -8.88199 -155.139 -103.468 0 0.868899 0.32866 -0.370131 15.511 0.0625728
584 102.873 0.438643 -23.1867 0 -0.92488 0.0854388 -0.370535 15.511 0.0718666
585 -117.114 -95.5999 47.9228 0 -0.756857 -0.641862 0.12321 15.511 0.0157789
586 -56.319 -142.965 -56.597 0 0.063049 -0.621413 0.780942 15.511 0.0724539
587 8.07756 36.4241 7.29159 0 0.741786 0.665666 -0.0815042 15.511 0.0679161
588 75.9462 151.747 -106.583 0 0.669692 0.706403 -0.229145 15.511 0.0115394
589 -42.052 145.834 79.4183 0 -0.708862 0.569488 0.41617 15.511 0.081755
590 92.2033 57.4177 98.6751 0 -0.802802 0.566926 0.184673 15.511 0.0653036
591 37.3534 176.552 -85.0758 0 0.790881 0.590734 0.159814 15.511 0.0665121
592 -40.8125 -87.1807 -101.406 0 0.0367295 0.143033 -0.989036 15.511 0.0602529
593 74.7524 108.771 112.019 0 0.361391 0.681431 -0.636434 15.511 0.0727781
594 23.1078 111.091 74.9223 0 0.81733 0.139984 -0.558906 15.511 0.063444
595 -14.541 -2.42031 -26.2784 0 -0.635813 -0.685844 -0.354061 15.511 0.0691635
596 -107.666 60.5356 33.3974 0 0.631913 -0.263536 -0.728858 15.511 0.118455
597 92.6442 -171.256 32.2356 0 -0.563236 0.71444 -0.41514 15.511 0.0565529
598 -128.035 175.945 -67.7735 0 -0.732775 -0.540005 -0.414048 15.511 0.0696961
599 -65.3406 -31.728 95.9588 0 0.914085 0.270201 -0.302389 15.511 0.140303
600 -6.83046 175.545 -36.5821 0 0.914083 -0.392318 0.102655 15.511 0.052014
601 -46.6915 58.4862 -107.673 0 0.765825 -0.172684 -0.61943 15.511 0.057828
602 -79.0357 -132.918 12.5076 0 0.501332 0.016768 0.865092 15.511 0.0635088
603 -93.6507 192.471 -22.8161 0 0.372474 -0.807736 -0.456973 15.511 0.0538801
604 45.2472 -143.488 36.1441 0 -0.209286 -0.17721 0.961663 15.511 0.0464556
605 8.52233 -166.033 -87.0641 0 -0.272163 -0.810758 0.518265 15.511 0.0750739
606 60.7514 98.4307 -116.824 0 0.707642 -0.613519 0.350481 15.511 0.0467544
607 -45.8837 10.2386 -48.6097 0 -0.45691 0.881061 0.122329 15.511 0.0724751
608 -32.8127 -31.9017 117.019 0 -0.516872 -0.655886 -0.550143 15.511 0.0684626
609 96.9963 91.4929 58.0376 0 -0.0634635 -0.0368464 0.997304 15.511 0.0579187
610 118.686 -161.188 91.6144 0 -0.370135 -0.928584 -0.0270592 15.511 0.0605746
611 -42.4861 -114.363 70.2674 0 -0.682601 0.20471 -0.701534 15.511 0.0518299
612 -84.7986 -103.082 -103.02 0 -0.126711 -0.895763 -0.426091 15.511 0.0548216
613 105.117 -1.85151 78.2598 0 -0.381714 -0.529549 -0.757544 15.511 0.0187687
614 84.1519 165.567 74.902 0 -0.799969 0.42253 0.426049 15.511 0.0576151
615 -6.64423 106.086 -69.5908 0 -0.23327 0.448193 -0.862965 15.511 0.0667779
616 -23.4464 148.775 -3.83289 0 -0.0631606 -0.954565 0.291232 15.511 0.175454
617 -4.52807 -75.2859 -15.0952 0 0.996675 -0.0764185 0.028281 15.511 0.0630377
618 -34.9012 87.1328 36.2125 0 -0.295296 -0.891151 -0.344457 15.511 0.0510118
619 137.582 -119.134 -47.3761 0 0.990524 0.0277494 -0.13451 15.511 0.0687551
620 -0.993222 -78.8178 -93.8879 0 -0.508625 0.0370174 -0.860192 15.511 0.0482729
621 121.81 55.9359 -6.61062 0 -0.946027 -0.260242 0.19315 15.511 0.0654655
622 121.652 141.151 -23.2998 0 0.92373 0.00116583 -0.383043 15.511 0.066322
623 65.5118 -146.097 98.5728 0 -0.897827 -0.0606824 -0.436147 15.511 0.0693434
624 -18.7801 -126.145 -68.9844 0 0.0182119 -0.364214 -0.931137 15.511 0.0469333
625 57.0815 -46.5134 12.8592 0 -0.82136 0.49153 -0.289424 15.511 0.065736
626 -41.6687 -42.1893 15.2055 0 -0.917608 0.253756 0.305946 15.511 0.0596297
627 -9.83493 -53.2855 66.0442 0 0.0171496 0.635942 0.771546 15.511 0.0700482
628 -13.3328 178.805 -131.48 0 -0.997482 0.00934236 0.0702994 15.511 0.0529357
629 62.2053 -129.461 94.8677 0 0.434979 -0.0125181 0.900354 15.511 0.06827
630 -135.08 34.3451 15.7379 0 -0.369705 0.901099 -0.226579 15.511 0.0469068
631 141.497 -30.6288 -10.2235 0 -0.553346 -0.0980344 -0.827163 15.511 0.0685494
632 126.878 -123.902 32.1761 0 0.126528 -0.902261 -0.412209 15.511 0.0480306
633 89.415 136.81 13.4977 0 -0.552571 -0.811087 -0.191841 15.511 0.0678398
634 -77.0251 153.685 77.1992 0 -0.822551 0.380094 -0.423011 15.511 0.0571848
635 -39.3223 -151.88 85.3397 0 -0.931234 -0.300103 -0.206741 15.511 0.0641429
636 30.1907 -140.605 -45.6153 0 -0.359029 -0.814576 0.455592 15.511 0.0756395
637 -57.1228 -87.1262 68.5241 0 -0.220642 0.372667 0.901353 15.511 0.0566253
638 106.563 -1.471 -69.4261 0 0.0666783 -0.917731 0.391566 15.511 0.019002
639 41.5582 -130.781 48.1343 0 0.394061 -0.701259 -0.594097 15.511 0.0493466
640 -93.8482 26.5635 88.6837 0 0.292082 -0.0474724 -0.955214 15.511 0.0374865
641 48.8862 81.4603 -24.4134 0 0.227316 -0.43526 -0.871135 15.511 0.0528389
642 11.5435 11.5367 43.1206 0 -0.534586 -0.093557 0.839919 15.511 0.0645174
643 -24.9225 86.9764 109.704 0 0.848078 0.349347 -0.398396 15.511 0.0739401
644 -80.3121 170.317 5.3102 0 0.368567 -0.318108 0.873479 15.511 0.0393252
645 -146.919 -154.28 -11.3291 0 -0.955522 0.0831856 -0.282945 15.511 0.0664715
646 67.4082 103.816 -18.7087 0 0.268593 -0.511284 0.816362 15.511 0.0714266
647 9.63687 -55.5929 -86.2397 0 0.772864 0.632929 -0.0456356 15.511 0.064283
648 32.6244 -179.357 -121.786 0 0.169737 0.6458 -0.744401 15.511 0.0569759
649 -26.4827 -133.705 -129.73 0 -0.517636 -0.618969 0.590703 15.511 0.0637015
650 -93.9113 25.7735 -31.937 0 0.6397 0.507042 0.577661 15.511 0.0556149
651 84.4402 -112.271 13.0051 0 -0.865849 0.491443 0.0937518 15.511 0.0372047
652 -130.011 175.16 57.8525 0 0.789312 -0.500302 0.355928 15.511 0.0702348
653 73.3637 60.9472 63.3948 0 -0.750947 0.613165 -0.245166 15.511 0.0727648
654 86.8263 12.9165 -108.211 0 0.598413 -0.275612 0.75229 15.511 0.0657332
655 78.4936 -37.3806 97.9094 0 0.40767 -0.869234 0.279708 15.511 0.0690844
656 84.3403 62.2274 -33.1937 0 0.213215 -0.468259 -0.857481 15.511 0.0622044
657 -26.4501 -103.184 14.4987 0 0.713383 0.700029 0.0323135 15.511 0.0739573
658 3.99985 57.1895 -69.0466 0 -0.700993 -0.232909 0.674064 15.511 0.0747051
659 127.808 58.1104 -37.7143 0 -0.47678 -0.829192 0.291754 15.511 0.0726218
660 -6.61606 183.16 -102.069 0 0.948226 0.13769 0.286196 15.511 0.0701999
661 -41.0764 -59.3808 48.2681 0 0.633879 -0.215383 0.742838 15.511 0.0445185
662 87.9108 141.957 -33.7304 0 -0.995193 -0.0141124 0.0969149 15.511 0.0706479
663 -56.0354 -16.9835 -71.0694 0 -0.746379 0.0179162 -0.66528 15.511 0.0692687
664 -16.69 68.9558 -19.405 0 0.216694 0.906481 -0.362402 15.511 0.0453716
665 -30.4269 174.1 66.5743 0 -0.926656 -0.327895 -0.183831 15.511 0.0296478
666 -105.752 -83.0482 11.7086 0 -0.711141 -0.212359 0.67021 15.511 0.055284
667 -132.649 -68.7468 29.319 0 -0.391217 0.385588 -0.835626 15.511 0.0478358
668 102.383 49.0108 -60.458 0 -0.641123 0.702326 -0.309354 15.511 0.0686687
669 66.0726 -53.0451 -16.3862 0 -0.451524 -0.377663 0.808392 15.511 0.0625773
670 3.39927 54.0549 -141.567 0 0.0225766 0.118219 0.992731 15.511 0.0470217
671 -54.8817 -108.815 17.7257 0 -0.440116 -0.897865 -0.011675 15.511 0.063204
672 44.7216 194.206 -41.5137 0 -0.102824 -0.35765 -0.928177 15.511 0.0641666
673 -53.7376 -178.458 -5.1649 0 0.108395 0.00376621 0.994101 15.511 0.0703203
674 122.701 -97.7558 72.7017 0 0.554647 0.721069 -0.415243 15.511 0.0612127
675 118.818 -100.649 -61.1599 0 -0.491193 -0.16888 0.854523 15.511 0.0696037
676 46.9499 -24.506 44.9283 0 0.600256 -0.4706 0.646706 15.511 0.0684334
677 53.5581 -170.022 10.7714 0 -0.0803247 0.113107 0.990331 15.511 0.0550647
678 -31.0076 -120.275 113.85 0 -0.197202 -0.404234 -0.893144 15.511 0.0372382
679 47.8879 71.3403 -16.3923 0 -0.845846 -0.444479 -0.294928 15.511 0.0529643
680 68.5688 -158.743 -98.4933 0 0.711234 -0.612423 0.345087 15.511 0.0250118
681 20.6393 -125.314 107.222 0 -0.825153 0.0437278 0.563214 15.511 0.0136609
682 122.548 -82.7143 40.7825 0 0.729727 -0.273762 0.626541 15.511 0.0506225
683 88.3428 118.568 36.4276 0 0.326856 0.372297 -0.868654 15.511 0.056722
684 -126.321 -137.964 -80.2449 0 -0.22538 -0.211119 -0.951122 15.511 0.0306894
685 -11.7965 177.782 128.499 0 -0.411746 0.621725 -0.666276 15.511 0.0609967
686 122.544 72.0048 59.285 0 -0.109584 -0.520288 0.846931 15.511 0.0713781
687 143.32 -154.156 -9.51312 0 -0.0802755 -0.52919 0.844698 15.511 0.0371103
688 -103.474 -64.5758 -104.945 0 0.605208 0.789109 -0.105028 15.511 0.0615672
689 -108.118 -178.225 65.4832 0 0.708115 -0.461806 -0.534142 15.511 0.0414524
690 -0.0307202 184.42 -74.4966 0 -0.298131 0.680858 0.668992 15.511 0.0682926
691 -15.6563 -17.3457 41.8387 0 -0.179936 0.1045 0.978112 15.511 0.0740204
692 121.769 -87.5967 -79.4741 0 0.642147 0.350494 -0.681763 15.511 0.0676346
693 -60.3352 130.067 18.0107 0 0.619862 0.330484 -0.711724 15.511 0.0662258
694 59.1817 -61.7283 -28.3973 0 -0.642601 0.109692 0.758308 15.511 0.0673208
695 -106.879 187.754 1.91564 0 0.651205 -0.40966 0.638835 15.511 0.0379423
696 83.4485 -46.9572 66.7947 0 -0.686191 -0.359817 0.632197 15.511 0.0674065
697 40.09 62.1619 140.788 0 -0.0435803 -0.46667 0.883357 15.511 0.0631672
698 -79.1691 45.82 -86.837 0 -0.794856 0.024963 0.606284 15.511 0.0621403
699 17.9262 50.1323 114.752 0 0.863552 -0.256817 0.433962 15.511 0.0618178
700 -20.2429 59.7584 136.14 0 -0.342309 -0.855275 0.38901 15.511 0.0694565
701 104.5 109.434 -100.067 0 -0.875136 -0.397884 0.275365 15.511 0.0507908
702 42.8588 -130.089 -129.659 0 -0.0676867 -0.963632 0.258517 15.511 0.0793007
703 -80.4142 81.3108 38.3911 0 -0.621771 0.78218 0.0399423 15.511 0.0774108
704 66.2682 -144.241 104.734 0 0.7328 -0.34605 -0.585879 15.511 0.077097
705 120.815 -30.796 47.2716 0 -0.0568416 -0.139519 -0.988587 15.511 0.0731725
706 -93.929 -90.4448 108.533 0 -0.600015 0.511768 -0.614879 15.511 0.0486427
707 27.9435 -110.162 66.1258 0 0.639087 -0.70436 0.308941 15.511 0.0628729
708 76.0456 -26.3043 26.9384 0 -0.850083 0.524535 -0.0471292 15.511 0.0705386
709 31.9761 79.4155 50.762 0 -0.712631 0.565114 -0.415695 15.511 0.0678724
710 -69.614 49.8328 76.0972 0 -0.954971 -0.137111 -0.263118 15.511 0.0593704
711 37.6809 -147.978 29.6496 0 0.306199 -0.623418 -0.719439 15.511 0.0766161
712 128.252 -74.5924 -65.7272 0 0.7969 -0.222247 0.561744 15.511 0.0646788
713 101.858 -160.121 -49.0718 0 -0.428779 -0.0233167 0.903108 15.511 0.0516762
714 104.055 -143.965 99.1678 0 -0.955383 -0.220143 0.196929 15.511 0.0571398
715 -99.2683 -113.731 68.6269 0 0.462089 0.883847 -0.0727229 15.511 0.0658566
716 46.5142 167.125 -65.3284 0 -0.0505583 0.806339 0.589289 15.511 0.0433175
717 30.0659 46.4443 -124.31 0 -0.819108 -0.465618 0.335056 15.511 0.0720592
718 46.336 -137.622 -67.8905 0 0.494553 0.260508 -0.829188 15.511 0.049219
719 -45.8197 -55.7392 48.603 0 0.796872 -0.223281 -0.561374 15.511 0.0630091
720 8.73767 18.1237 133.52 0 -0.708057 0.703406 -0.0622457 15.511 0.0742724
721 72.0281 -131.331 52.8555 0 -0.556233 0.416886 0.718896 15.511 0.0621836
722 67.9141 -68.7472 81.3583 0 -0.353222 0.786504 -0.506602 15.511 0.071174
723 -31.1244 44.5112 24.4626 0 -0.742248 -0.493617 -0.453222 15.511 0.0554198
724 42.0058 42.412 -69.7077 0 0.427463 0.496277 0.755635 15.511 0.0438956
725 0.254005 -142.868 46.8266 0 -0.884064 0.291991 -0.364927 15.511 0.0687716
726 -50.6518 167.437 -80.9467 0 0.927952 -0.370254 0.0426248 15.511 0.0534173
727 69.9254 -101.509 -23.2393 0 -0.36998 0.0857709 -0.925072 15.511 0.0609602
728 -44.9697 -194.346 111.926 0 0.413257 0.624364 -0.662863 15.511 0.0549321
729 55.9242 -160.872 4.79192 0 0.0481957 0.83782 0.543815 15.511 0.0568937
730 -9.53048 36.2513 -95.341 0 -0.120521 0.94761 -0.29582 15.511 0.071365
731 97.3006 -140.625 65.672 0 0.0706425 0.808759 -0.583883 15.511 0.0655813
732 -4.25802 168.554 -10.1739 0 -0.897977 0.104714 0.427401 15.511 0.0549134
733 25.0222 158.963 31.4471 0 -0.741644 -0.0285346 0.670187 15.511 0.0675702
734 68.8543 -120.88 53.0993 0 0.281246 0.788541 0.546904 15.511 0.0679594
735 -120.249 -95.7198 -88.0106 0 -0.946137 0.0277056 0.322578 15.511 0.0486302
736 124.45 183.203 -9.78193 0 0.920266 -0.34587 0.18299 15.511 0.0382107
737 -23.0637 118.927 -137.312 0 -0.612598 -0.474719 0.631953 15.511 0.0584084
738 102.29 133.368 100.825 0 0.155591 -0.293618 -0.943175 15.511 0.0691217
739 30.0615 -37.8824 75.4429 0 -0.851004 0.525034 -0.0114576 15.511 0.0706215
740 20.4481 114.38 113.624 0 -0.170273 -0.17245 0.97019 15.511 0.0267599
741 8.92367 89.5872 -115.724 0 -0.464744 -0.449108 0.763096 15.511 0.0567355
742 -58.372 77.1657 -22.8158 0 0.876519 0.450608 -0.16931 15.511 0.0669812
743 -67.3725 -27.6909 7.97661 0 0.399517 0.418515 -0.815617 15.511 0.0693776
744 -129.327 -83.4607 74.4871 0 0.938286 0.214635 -0.271203 15.511 0.0662671
745 66.5406 -190.294 25.2758 0 0.766888 -0.574631 -0.285802 15.511 0.0729101
746 11.5621 17.8655 -44.7153 0 -0.857541 0.506823 -0.0880518 15.511 0.0544206
747 -24.5482 183.338 33.8971 0 -0.90436 0.355557 0.236035 15.511 0.0649106
748 101.621 -124.186 107.17 0 -0.440261 0.611305 0.65763 15.511 0.0606588
749 44.5552 155.994 136.814 0 0.491557 0.716877 0.494428 15.511 0.0519863
750 -79.2932 174.559 -48.4903 0 0.554015 -0.278777 0.784443 15.511 0.0446303
751 -38.3287 -156.282 121.794 0 -0.994692 0.000235059 -0.1029 15.511 0.042584
752 -109.045 -4.25773 58.8512 0 0.025705 0.0510981 0.998363 15.511 0.059376
753 -109.276 46.2682 -57.117 0 0.8423 -0.0204368 0.538621 15.511 0.0576369
754 135.869 -0.970867 32.8214 0 0.67884 -0.636934 -0.365365 15.511 0.0655142
755 41.2578 -150.018 -45.9898 0 -0.711305 0.471938 -0.520883 15.511 0.0562753
756 -57.3368 -3.88963 25.397 0 0.693701 0.703644 0.153834 15.511 0.0581912
757 -70.2295 -110.56 -122.974 0 0.72894 0.632917 -0.260886 15.511 0.075275
758 46.3749 162.322 126.408 0 -0.979922 -0.196014 -0.0364745 15.511 0.0701308
759 25.892 185.701 100.587 0 0.651064 -0.210358 0.729291 15.511 0.0654737
760 9.13115 173.129 15.3507 0 0.504516 -0.839176 -0.203097 15.511 0.0769348
761 70.404 -39.5148 -72.9425 0 -0.360902 0.486268 -0.795797 15.511 0.072456
762 101.982 -54.436 82.5843 0 0.767678 0.596359 -0.234577 15.511 0.0716238
763 22.1303 84.0154 -110.329 0 0.801648 -0.204614 0.561688 15.511 0.0670775
764 -63.8217 102.633 127.162 0 0.386064 0.323038 -0.864061 15.511 0.0557933
765 25.0884 -131.293 -3.39687 0 -0.659283 0.156683 -0.735388 15.511 0.0738734
766 -100.58 15.7518 110.608 0 -0.0548479 -0.978769 0.19749 15.511 0.0639723
767 94.6157 -64.2178 13.2377 0 -0.56475 0.294657 -0.770866 15.511 0.0294633
768 92.1704 174.679 -64.9665 0 0.683338 -0.114094 0.721132 15.511 0.0636072
769 70.9457 -104.914 -64.6639 0 -0.512959 0.15334 -0.844606 15.511 0.0652348
770 -50.4986 53.4929 131.817 0 0.230886 0.966964 -0.108038 15.511 0.0737313
771 41.5882 8.47423 93.8099 0 -0.461139 0.509279 -0.726626 15.511 0.0632486
772 11.7445 -156.46 42.2208 0 -0.292187 -0.214107 -0.932086 15.511 0.0734886
773 -91.3346 -157.931 22.4902 0 -0.673663 -0.152783 -0.723073 15.511 0.0621887
774 -18.1639 -167.186 83.098 0 0.494188 -0.220331 0.840971 15.511 0.00185075
775 -62.2594 -48.1184 2.00463 0 -0.709163 -0.490738 0.506225 15.511 0.0395519
776 114.014 63.5124 12.6214 0 -0.761528 -0.57841 0.292432 15.511 0.0619423
777 48.6517 189.679 28.8914 0 0.0872288 -0.238703 0.967167 15.511 0.0695721
778 -88.4999 24.8764 -76.5909 0 -0.428571 0.895681 0.118669 15.511 0.0550762
779 11.5029 -37.9697 68.1722 0 0.713914 0.356142 -0.6029 15.511 0.0685043
780 -13.7428 110.569 4.82958 0 0.468205 -0.715407 -0.518629 15.511 0.0698064
781 132.833 -185.098 67.7316 0 -0.393642 0.488769 0.778557 15.511 0.0698262
782 -70.131 -94.7232 51.6913 0 0.666548 0.708515 0.231774 15.511 0.0741284
783 57.2165 16.3191 123.145 0 0.185748 -0.925433 -0.330259 15.511 0.0699257
784 -36.5091 -139.315 -56.4809 0 -0.261865 -0.140835 -0.954773 15.511 0.0527767
785 -3.30808 169.237 -99.7076 0 -0.772754 -0.182018 -0.608047 15.511 0.0701149
786 -4.94759 50.6836 32.5112 0 0.748997 -0.624835 0.22042 15.511 0.062105
787 -62.2632 103.172 62.8285 0 -0.524021 -0.140406 0.840052 15.511 0.0711026
788 17.4712 39.4848 18.7691 0 -0.462932 -0.260772 -0.847167 15.511 0.0385368
789 -71.6435 85.2076 86.1913 0 0.745894 -0.648667 0.151242 15.511 0.04982
790 41.5663 -82.029 41.0136 0 0.455379 0.743215 -0.490165 15.511 0.0591786
791 -7.46739 -80.3584 -5.52853 0 0.291854 -0.833591 -0.468985 15.511 0.0499249
792 -26.6707 92.4516 -108.478 0 -0.934545 -0.170662 0.312251 15.511 0.0330114
793 -116.89 -17.7205 71.7233 0 0.00315363 0.0512997 -0.998678 15.511 0.0333563
794 7.78309 98.2728 121.582 0 -0.290896 0.710104 -0.641195 15.511 0.0513628
795 70.3507 -26.0208 -41.3867 0 -0.0299869 0.728123 -0.68479 15.511 0.0729318
796 -53.8764 -177.471 -129.913 0 -0.634344 0.0909706 0.76768 15.511 0.0612077
797 67.6742 -14.1273 -18.6506 0 0.963739 -0.246448 -0.102329 15.511 0.0448893
798 6.97893 -102.207 -132.55 0 -0.568829 0.512931 -0.642911 15.511 0.060864
799 -109.573 -111.472 -38.2485 0 -0.309951 -0.872852 -0.376909 15.511 0.0799233
800 -9.97031 -76.4843 86.5844 0 0.28043 -0.694158 -0.662951 15.511 0.0533507
801 -89.9218 -42.6391 79.648 0 0.200852 -0.350729 0.914685 15.511 0.0626402
802 43.278 -176.011 120.758 0 -0.0434393 0.996744 -0.0679321 15.511 0.0437994
803 -134.029 -158.908 -18.5075 0 0.667034 -0.392525 0.633238 15.511 0.0667633
804 -102.093 -152.367 -104.292 0 0.465426 0.240269 -0.851851 15.511 0.0717473
805 8.1233 -140.168 113.888 0 -0.823826 -0.32343 -0.465515 15.511 0.064727
806 89.0731 -35.9916 32.517 0 -0.940008 -0.215734 0.264279 15.511 0.0705798
807 42.1884 -83.9154 54.668 0 0.916103 -0.226618 0.330755 15.511 0.0504614
808 116.799 -18.5076 93.2218 0 -0.659057 -0.744004 0.110013 15.511 0.0516438
809 -70.758 -7.07152 104.285 0 -0.305867 -0.941854 -0.139128 15.511 0.00205137
810 -72.3822 46.001 -23.2983 0 -0.57301 0.366614 0.732976 15.511 0.0389028
811 -103.779 9.6319 -2.12412 0 -0.166233 0.275631 0.946781 15.511 0.0602176
812 40.8418 -149.57 86.8715 0 0.906029 0.270384 0.325581 15.511 0.0678356
813 68.6011 115.7 124.804 0 0.398463 0.120206 -0.909273 15.511 0.0566028
814 -16.7572 11.9486 145.011 0 -0.691448 -0.683063 -0.235213 15.511 0.0449377
815 0.75025 34.8326 33.2788 0 0.689558 -0.176054 0.702506 15.511 0.0554891
816 80.8086 -173.467 -55.85 0 -0.700785 -0.32797 0.633511 15.511 0.0630471
817 -71.5158 -110.854 116.788 0 -0.734545 -0.0841777 0.673318 15.511 0.0431499
818 127.823 -60.2784 -57.3483 0 0.910384 -0.316516 0.266492 15.511 0.0440906
819 103.403 -176.748 -8.27902 0 0.478052 -0.864248 -0.156655 15.511 0.0372793
820 -129.971 -86.6977 -0.439844 0 0.372907 0.893144 -0.251463 15.511 0.146207
821 16.1881 182.98 -142.881 0 0.43494 0.0557518 0.898732 15.511 0.0634156
822 -22.6655 134.02 54.1592 0 -0.464821 0.449376 0.762891 15.511 0.0569326
823 -59.3471 143.708 94.3507 0 0.303873 -0.561292 0.769813 15.511 0.0401379
824 122.118 120.682 78.6463 0 0.947165 0.305136 0.0988432 15.511 0.0694814
825 -29.3744 4.94487 -35.9823 0 -0.525437 0.0449542 0.849644 15.511 0.0596628
826 -59.8043 -183.426 115.983 0 -0.594613 -0.710207 0.376883 15.511 0.0650776
827 44.8219 0.185566 -15.965 0 0.411916 -0.744151 0.525894 15.511 0.0633489
828 112.14 188.645 -29.5955 0 0.377654 -0.925442 0.0305699 15.511 0.0706873
829 102.784 119.143 -62.1862 0 -0.342689 0.694325 -0.632832 15.511 0.0621774
830 -113.192 -163.63 64.9561 0 -0.441931 -0.143009 -0.885576 15.511 0.0589015
831 -46.3774 -180.637 122.554 0 -0.309287 -0.564211 0.765511 15.511 0.0715229
832 -6.11617 -150.303 -4.06945 0 0.545814 0.275966 -0.791158 15.511 0.0459369
833 -98.4574 -183.363 95.9535 0 0.178875 0.851982 -0.492068 15.511 0.0519744
834 14.3256 175.118 92.933 0 0.0606419 -0.929503 -0.363794 15.511 0.0603369
835 -57.8053 144.114 -93.1754 0 0.683455 0.661753 -0.308175 15.511 0.0661326
836 25.7116 0.804253 -133.755 0 0.833763 0.283677 0.473673 15.511 0.0680369
837 -124.223 15.9929 -32.9118 0 -0.1972 -0.920029 -0.338613 15.511 0.064162
838 97.415 44.3926 -54.9912 0 0.988612 0.150059 -0.0113151 15.511 0.0784771
839 -36.5528 92.9097 -109.663 0 -0.310637 -0.444375 0.840259 15.511 0.0368644
840 21.8866 29.8682 -86.4028 0 -0.0791982 0.425265 -0.901597 15.511 0.058472
841 -47.8306 76.3667 -60.111 0 -0.836516 0.0306228 0.547086 15.511 0.0590715
842 45.2387 -183.584 117.603 0 0.81736 0.571256 0.0747684 15.511 0.0665132
843 130.838 -166.274 70.3952 0 0.211221 0.96529 0.153627 15.511 0.0634885
844 51.2128 148.208 8.79542 0 0.725002 -0.676491 -0.129348 15.511 0.0385143
845 80.8648 80.8585 121.057 0 -0.895238 0.444752 0.0272803 15.511 0.0640381
846 67.044 -73.1105 -133.465 0 0.516722 -0.680779 0.519171 15.511 0.0521606
847 -2.66474 -144.71 8.91414 0 -0.145997 0.70649 0.692501 15.511 0.0541231
848 -46.2072 -82.8066 97.7577 0 -0.776669 -0.594572 0.208011 15.511 0.068396
849 -104.717 -51.8571 -2.52816 0 -0.648306 -0.739502 -0.181208 15.511 0.0429476
850 41.2546 78.1296 -63.3911 0 0.947623 0.133698 -0.290062 15.511 0.0584229
851 53.178 27.8422 -45.969 0 -0.782813 -0.6163 -0.0859009 15.511 0.0525799
852 129.594 -162.84 -7.04005 0 -0.0280441 0.484416 0.874388 15.511 0.0601579
853 -17.3266 143.529 121.657 0 0.590957 -0.696924 -0.406283 15.511 0.0707651
854 138.128 -193.458 3.74041 0 -0.693679 -0.233594 -0.681355 15.511 0.0397985
855 -27.9684 76.853 -145.759 0 0.215384 -0.393334 0.893811 15.511 0.0453112
856 -47.384 59.4759 -43.4971 0 0.787132 0.491801 0.372229 15.511 0.0711289
857 4.24279 -130.798 61.2874 0 0.870946 -0.49137 0.00275457 15.511 0.063428
858 -22.2053 -50.0017 51.4157 0 0.0833437 -0.950584 -0.29907 15.511 0.0705854
859 -119.873 5.66281 70.5332 0 -0.780597 0.552101 -0.293008 15.511 0.0727769
860 96.2855 49.1536 14.9891 0 -0.592449 -0.193758 -0.78196 15.511 0.0804647
861 64.7161 76.4537 -74.6626 0 -0.118736 -0.951732 0.283032 15.511 0.0695386
862 99.9299 -191.359 81.36 0 0.747753 0.65904 -0.0808215 15.511 0.055299
863 -19.0546 162.139 36.0983 0 -0.125857 0.104246 0.986556 15.511 0.0680327
864 -38.9658 161.643 -138.02 0 -0.461348 -0.616267 0.638258 15.511 0.0610041
865 75.4082 180.116 109.111 0 0.747279 -0.599066 -0.287566 15.511 0.0591562
866 -10.3016 -151.56 31.3915 0 0.744195 -0.186056 0.641528 15.511 0.066937
867 -82.113 -58.4659 119.272 0 0.846369 0.465863 -0.258131 15.511 0.0434435
868 -131.899 -59.7529 -13.5755 0 0.640673 -0.669356 0.376166 15.511 0.0597638
869 18.5392 94.3276 -66.2229 0 0.959371 0.256338 0.117895 15.511 0.0600173
870 41.09 -169.632 -84.5242 0 -0.890643 -0.447189 -0.0823227 15.511 0.0406354
871 -84.1622 14.363 -100.534 0 0.0793644 0.822567 0.563103 15.511 0.0773725
872 75.6819 -194.94 85.8476 0 0.0677118 0.260467 0.963105 15.511 0.0618002
873 115.7 -74.5452 94.2709 0 -0.0366598 0.900103 0.434131 15.511 0.0516257
874 -20.6487 169.291 -101.286 0 0.821299 -0.457465 0.340871 15.511 0.0636373
875 29.4923 -149.548 7.49749 0 -0.389262 -0.885048 0.255274 15.511 0.0958466
876 -65.9925 61.1428 104.012 0 0.863415 0.202595 0.462028 15.511 0.0385522
877 -12.4902 -48.3528 125.412 0 -0.436146 -0.8036 0.404973 15.511 0.0368935
878 79.5279 -9.54757 -23.0781 0 -0.703863 0.199223 0.681827 15.511 0.0648123
879 120.732 -162.128 -76.3736 0 0.173374 -0.0793575 -0.981654 15.511 0.0645635
880 -122.353 109.966 41.4231 0 -0.0034304 -0.837883 -0.54584 15.511 0.0779303
881 -58.9435 -50.5275 -137.836 0 0.275327 -0.77026 0.575235 15.511 0.0648911
882 11.0596 128.755 70.1902 0 -0.916125 0.307191 -0.257582 15.511 0.0670404
883 80.4306 -7.88647 34.1772 0 0.725933 -0.681433 -0.0931172 15.511 0.0494546
884 17.8181 102.672 -48.0877 0 0.0931088 0.951431 0.293445 15.511 0.0774732
885 105.13 -157.543 72.5041 0 0.158659 -0.624279 -0.76492 15.511 0.00298261
886 23.0576 -97.5395 -43.3537 0 -0.212498 0.97245 0.0958451 15.511 0.067253
887 -97.9402 -132.369 -85.3274 0 0.0232745 0.644747 -0.764042 15.511 0.0743889
888 78.8122 -132.826 -16.7455 0 -0.497523 0.189898 -0.84641 15.511 0.054932
889 -71.48 -121.238 108.359 0 0.550454 0.64401 -0.531273 15.511 0.0610226
890 30.3412 86.5865 -53.1141 0 0.616901 0.112067 0.779021 15.511 0.0368732
891 40.2008 -79.6858 -68.5513 0 -0.606794 -0.660185 0.44267 15.511 0.0763976
892 129.702 -143.297 53.8542 0 -0.947254 -0.298154 0.117531 15.511 0.0760678
893 1.2794 50.3769 133.952 0 0.00297437 -0.442178 -0.896922 15.511 0.049774
894 99.8585 -179.13 6.80691 0 0.56687 -0.335669 -0.752319 15.511 0.0692807
895 -22.0571 182.418 -57.0345 0 0.709459 0.181877 0.680873 15.511 0.0662546
896 -10.0658 -6.9615 48.5588 0 0.0412166 -0.727412 -0.684962 15.511 0.0543989
897 119.306 -140.243 -56.1944 0 -0.907655 0.0729825 -0.413323 15.511 0.0501725
898 -135.811 -153.922 61.9942 0 0.631599 -0.0428316 -0.774111 15.511 0.0665658
899 23.1531 125.048 -144.623 0 -0.0806542 0.211082 0.974135 15.511 0.0753337
900 -109.025 142.109 -82.5845 0 0.421017 -0.864893 0.273322 15.511 0.0491452
901 45.2055 -118.821 -16.0677 0 -0.779894 -0.593665 0.198309 15.511 0.0763731
902 -97.767 -3.62742 -19.6304 0 0.603477 -0.439861 -0.665085 15.511 0.0686371
903 31.3613 -22.013 -111.65 0 -0.0758134 -0.767369 -0.636708 15.511 0.0372256
904 88.9428 100.139 -87.8522 0 0.23472 -0.0845815 0.968376 15.511 0.0580427
905 -31.8306 80.8032 -142.981 0 -0.669596 0.241546 0.702351 15.511 0.0684644
906 75.2338 87.8832 -111.827 0 0.0276859 0.847021 0.530838 15.511 0.0495356
907 -1.91774 134.861 -45.5781 0 0.193293 0.382094 -0.903682 15.511 0.0622303
908 -125.499 -79.4465 -75.2392 0 -0.265368 0.185009 -0.94623 15.511 0.0659133
909 -117.575 -113.469 -7.57324 0 0.857824 -0.0706884 -0.509059 15.511 0.0721725
910 -0.703168 -1.94331 -142.787 0 0.784822 0.610561 0.106154 15.511 0.0620062
911 -50.6647 19.8021 84.9553 0 -0.30152 0.953453 0.0036335 15.511 0.0906115
912 -83.4388 -174.601 -109.916 0 0.713819 -0.381518 0.587287 15.511 0.0525143
913 -46.2318 38.1549 -99.9263 0 0.0835985 0.595805 -0.798766 15.511 0.0433539
914 -90.8814 -56.2904 32.3556 0 -0.401331 -0.581346 0.707793 15.511 0.0672408
915 30.9247 128.252 -96.8712 0 -0.818392 -0.000467709 -0.57466 15.511 0.0696198
916 -20.9993 76.5222 -80.4267 0 0.145381 0.963365 -0.22537 15.511 0.0535162
917 80.6217 -129.61 118.799 0 0.198625 -0.832112 -0.51782 15.511 0.0547953
918 131.898 137.855 -9.5933 0 -0.336017 0.934978 -0.113613 15.511 0.0705114
919 16.759 130.586 14.1251 0 0.268254 0.524173 0.808259 15.511 0.065755
920 110.687 91.8246 92.4265 0 0.916301 0.210221 0.34088 15.511 0.0695608
921 -36.9128 -71.6961 -15.5222 0 -0.525603 0.177798 -0.831943 15.511 0.0350401
922 -82.4238 86.4058 -73.4853 0 -0.422499 -0.461319 -0.780179 15.511 0.0652767
923 -71.5798 -29.2382 108.664 0 -0.684759 0.468075 0.55858 15.511 0.0605048
924 -42.3145 -144.438 -100.534 0 0.0803845 0.205183 -0.975417 15.511 0.067934
925 48.5112 -6.19192 66.2207 0 -0.31903 -0.241149 -0.916552 15.511 0.0497058
926 30.3699 -2.71711 -41.6582 0 0.267365 -0.461531 0.845875 15.511 0.0641058
927 64.72 -30.4671 -109.99 0 -0.359567 -0.302438 0.882747 15.511 0.0568978
928 -38.674 121.09 131.723 0 -0.332226 0.733345 0.593153 15.511 0.0505995
929 123.134 146.003 -22.7961 0 0.248217 -0.908145 -0.337135 15.511 0.0546171
930 -10.8691 -5.45545 25.3435 0 -0.0870925 -0.730133 -0.677732 15.511 0.068571
931 -79.441 -32.345 -23.1615 0 -0.0126305 0.707274 -0.706827 15.511 0.0667336
932 15.1628 147.777 -54.0377 0 0.00573091 0.750441 0.660912 15.511 0.0627268
933 -40.3424 -18.9576 15.9352 0 0.879426 0.275589 -0.388151 15.511 0.0630733
934 -111.871 91.6182 -41.9275 0 -0.177678 0.0383477 0.983341 15.511 0.0593292
935 -100.366 108.021 -101.697 0 -0.910058 0.0818316 -0.406323 15.511 0.0618812
936 71.502 -59.4271 83.6249 0 -0.470097 -0.672405 -0.571734 15.511 0.0641723
937 34.9054 62.7415 -77.3573 0 -0.0223492 -0.123948 0.992037 15.511 0.0688346
938 -80.052 -183.039 -22.6059 0 0.548682 -0.65551 -0.518898 15.511 0.0473185
939 16.0851 58.8284 -42.2204 0 -0.330001 0.93159 0.152446 15.511 0.057804
940 12.2022 159.483 147.043 0 0.684603 0.397125 0.611236 15.511 0.0563864
941 77.7553 138.981 -126.218 0 -0.157346 -0.09488 -0.982975 15.511 0.0518952
942 -93.1473 -11.4167 37.0826 0 0.809444 -0.539879 -0.230937 15.511 0.0686999
943 40.6344 21.3377 105.757 0 -0.815627 0.375831 -0.439891 15.511 0.0487229
944 -120.375 106.858 52.1528 0 -0.21523 -0.924823 -0.313655 15.511 0.064053
945 -27.2985 -4.6792 84.6591 0 -0.0406508 0.792461 -0.608567 15.511 0.0667891
946 33.7908 151.614 -113.1 0 -0.576624 0.00381481 -0.817001 15.511 0.0597892
947 45.9872 -169.07 -116.577 0 0.974532 -0.0466516 0.21934 15.511 0.063636
948 61.3597 -69.6695 32.6426 0 -0.37362 0.0765005 -0.924422 15.511 0.0276262
949 -47.1639 57.3292 7.65954 0 -0.982918 -0.101642 0.153431 15.511 0.0688876
950 -15.9671 -110.52 88.0512 0 0.983035 0.162446 0.0851636 15.511 0.0479264
951 39.5477 -28.4987 -14.7556 0 -0.791244 -0.382321 0.477246 15.511 0.0569059
952 -20.6532 -194.437 -142.032 0 0.262242 -0.9049 -0.335238 15.511 0.0365733
953 92.1422 192.908 -52.7656 0 -0.762041 -0.437078 0.477761 15.511 0.0750905
954 -51.1728 -136.17 -85.8324 0 -0.799887 0.436308 0.412087 15.511 0.0344427
955 -134.113 30.9529 -51.4865 0 -0.707191 -0.112782 0.69797 15.511 0.0629212
956 85.9752 120.66 -88.5142 0 -0.146295 -0.805737 -0.573922 15.511 0.0553976
957 118.658 92.6525 -33.4654 0 -0.538511 -0.67368 0.506123 15.511 0.0548444
958 11.5719 -153.182 70.304 0 -0.26897 0.961032 0.0638115 15.511 0.0807454
959 125.014 140.202 0.88674 0 0.289237 0.521792 0.802543 15.511 0.0761133
960 4.62164 67.8472 -131.572 0 0.925541 0.0245958 -0.377847 15.511 0.0746734
961 79.3309 -53.9009 -110.008 0 -0.35216 -0.777879 -0.520468 15.511 0.0511455
962 83.8752 175.378 87.1224 0 -0.237256 -0.62702 0.741995 15.511 0.0290773
963 126.933 187.367 72.2234 0 -0.663237 0.74102 -0.104904 15.511 0.0635429
964 120.812 27.7487 -24.2205 0 0.733369 0.38321 0.561533 15.511 0.0634072
965 -49.391 -102.264 59.2649 0 0.308795 -0.682166 0.662794 15.511 0.0783191
966 -1.94759 135.187 69.1947 0 0.951107 0.168959 -0.258549 15.511 0.0645984
967 43.0473 -56.7891 137.488 0 0.108274 0.408968 0.906103 15.511 0.0539736
968 138.934 56.6688 44.1361 0 -0.00609109 0.391398 0.920201 15.511 0.0776643
969 80.2574 -68.3263 62.2688 0 0.138209 -0.98431 0.109694 15.511 0.0694762
970 85.4215 -133.449 -31.1513 0 0.300073 -0.853409 0.426204 15.511 0.0540565
971 -49.8251 -63.8324 -53.9171 0 0.429262 0.350454 0.832416 15.511 0.0408113
972 -38.8284 117.689 -39.8802 0 -0.0214657 0.921495 0.387797 15.511 0.0503164
973 -94.3231 -118.88 74.3206 0 0.142187 0.916168 0.374724 15.511 0.0647107
974 92.1123 -188.377 -25.9633 0 0.493725 0.274444 0.825176 15.511 0.0574158
975 6.18408 70.791 -61.7952 0 0.587903 0.456846 0.667579 15.511 0.0546573
976 71.3521 125.505 117.548 0 -0.676017 0.250476 -0.69301 15.511 0.0797783
977 6.872 86.6909 -39.5803 0 -0.690537 -0.668702 -0.275674 15.511 0.0678234
978 -64.6609 78.404 79.0346 0 -0.796768 -0.322001 -0.511348 15.511 0.0606749
979 136.418 -39.9902 47.9549 0 -0.503727 -0.842484 0.190995 15.511 0.0718196
980 -35.3728 -43.0165 116.238 0 -0.72888 -0.216904 -0.649374 15.511 0.0401891
981 -86.7089 34.6807 81.1886 0 -0.714777 -0.697356 -0.0528164 15.511 0.0656443
982 24.5479 -39.7166 99.4521 0 -0.459136 -0.668861 0.584653 15.511 0.0734604
983 -144.397 26.9504 -4.63378 0 0.607343 0.398397 -0.687324 15.511 0.0735684
984 -27.3885 -79.0383 -124.556 0 -0.144413 -0.314739 -0.938128 15.511 0.0632644
985 28.2955 -139.727 -7.06158 0 0.611954 -0.73177 0.300042 15.511 0.0562601
986 -47.3362 27.1655 -90.5028 0 0.00442064 0.923976 0.382425 15.511 0.0368485
987 -128.435 -168.436 -4.84251 0 0.987228 0.156835 -0.0279799 15.511 0.0414942
988 -5.92241 -42.9979 43.5162 0 -0.997445 0.0015648 0.0714244 15.511 0.0745226
989 104.214 70.4526 30.305 0 -0.91109 0.0275857 0.411284 15.511 0.0594133
990 40.6206 50.7321 -9.47317 0 -0.465837 -0.779373 0.419015 15.511 0.060108
991 43.1536 141.685 28.4251 0 0.73404 -0.228817 0.639397 15.511 0.0641215
992 129.482 -112.37 -59.026 0 0.71212 0.673397 0.19855 15.511 0.0720453
993 48.6862 6.96693 113.433 0 -0.54785 0.0824664 -0.832502 15.511 0.00556452
994 17.5153 89.9626 -19.8469 0 0.604704 0.46285 -0.648153 15.511 0.0619165
995 69.9595 28.1415 -42.603 0 -0.960041 0.0208301 -0.279084 15.511 0.061945
996 -115.086 6.55903 -80.99 0 -0.374883 -0.503048 -0.778721 15.511 0.0578957
997 33.8717 111.052 -57.1076 0 0.0184605 0.548357 -0.836041 15.511 0.0696161
998 12.6615 -104.24 120.234 0 0.480356 -0.861236 -0.165923 15.511 0.0378851
999 38.4916 48.5083 -13.6306 0 -0.370278 0.659485 -0.654197 15.511 0.0602602
