eventNumber true_vertex_X true_vertex_Y true_vertex_Z true_t0 true_dir_X true_dir_Y true_dir_Z true_energy true_track_length
0 -146.755 -101.777 7.44829 0 0.236121 -0.740699 -0.628977 30.511 0.0995736
1 -45.2438 -164.085 -106.85 0 0.0871253 0.99411 -0.0644593 30.511 0.0589293
2 -129.685 -15.3592 15.9914 0 0.335636 0.287471 0.897055 30.511 0.101565
3 103.829 -130.815 -83.5338 0 0.84739 -0.318273 -0.425008 30.511 0.140168
4 -43.5287 169.116 -105.218 0 0.557816 -0.4221 -0.714613 30.511 0.132751
5 -100.625 -50.3311 1.31292 0 -0.500554 0.339437 -0.796384 30.511 0.143167
6 -7.67636 65.4103 -118.795 0 -0.62328 0.676051 0.393035 30.511 0.153984
7 15.0083 -57.9677 73.5102 0 0.504869 0.596658 -0.623784 30.511 0.113463
8 -78.5482 -96.3202 -23.094 0 0.817428 -0.00770007 0.57598 30.511 0.113355
9 3.45615 -70.8239 -111.216 0 0.812838 -0.547558 -0.198683 30.511 0.0836547
10 -131.469 -124.715 22.5614 0 0.934271 0.0183268 0.356094 30.511 0.142699
11 52.101 -40.2507 98.1961 0 -0.0854723 -0.595685 0.798658 30.511 0.14087
12 -39.6873 82.2569 86.3565 0 0.933799 0.339225 -0.113781 30.511 0.0964249
13 -113.846 50.459 -45.0069 0 -0.222745 -0.94431 -0.242204 30.511 0.0238232
14 -118.848 24.9329 -77.0042 0 0.524767 -0.813196 -0.25166 30.511 0.0868728
15 28.1668 127.757 -46.8994 0 0.485824 -0.724611 -0.488789 30.511 0.0976087
16 19.9918 -173.988 55.4633 0 0.89453 -0.444924 -0.0431024 30.511 0.103078
17 -71.5617 -106.377 36.5989 0 0.816221 -0.179796 0.549051 30.511 0.0849745
18 -116.322 -93.4801 1.03736 0 0.00399879 0.921341 -0.388735 30.511 0.118525
19 86.8471 9.89681 -86.4678 0 -0.162849 0.168905 0.972086 30.511 0.12868
20 -90.5978 67.2175 66.6413 0 0.237992 -0.745195 -0.622932 30.511 0.153835
21 104.098 -73.7376 98.6551 0 -0.998634 0.0418776 -0.0312502 30.511 0.0821269
22 91.5396 79.7769 -38.1221 0 -0.0582865 -0.376976 0.924387 30.511 0.080656
23 -124.87 -160.094 -39.0402 0 -0.552141 0.512518 -0.657621 30.511 0.146026
24 -10.13 -70.9943 47.2605 0 -0.258658 -0.810977 0.524798 30.511 0.0982663
25 -14.8145 -22.313 111.659 0 -0.460251 -0.6998 -0.546305 30.511 0.126763
26 -90.2465 -100.997 -25.0976 0 0.502022 -0.354621 -0.788808 30.511 0.147828
27 34.8059 63.7401 -107.569 0 -0.110341 -0.784626 -0.610071 30.511 0.11845
28 7.36286 -98.9936 62.0721 0 0.909808 -0.39188 -0.13667 30.511 0.0940267
29 -123.886 -26.5083 -31.7831 0 0.649046 0.736597 -0.190169 30.511 0.0559486
30 -99.1178 -24.3881 -62.5789 0 -0.643863 0.508368 0.571842 30.511 0.143283
31 -125.274 -154.644 -68.4733 0 -0.100085 -0.474408 -0.874597 30.511 0.120804
32 64.1802 -75.6763 -46.578 0 -0.273204 0.893828 0.355571 30.511 0.0826571
33 -7.47324 -129.703 14.837 0 -0.726681 -0.128215 0.674904 30.511 0.13338
34 -58.3108 -81.592 -45.1257 0 0.0253585 0.821383 -0.569813 30.511 0.123833
35 31.9301 -191.907 -85.7821 0 0.365238 -0.930282 -0.0343089 30.511 0.0717997
36 -25.632 115.165 -120.7 0 0.24688 -0.23791 -0.939388 30.511 0.0996596
37 -69.4717 -47.9573 -37.2342 0 -0.404164 -0.906387 0.122942 30.511 0.0673122
38 3.437 -126.828 -99.8056 0 -0.68044 -0.730926 0.0524309 30.511 0.142515
39 56.9678 -50.551 -30.7603 0 -0.226752 0.642714 0.73178 30.511 0.139347
40 -20.654 -133.651 73.5763 0 -0.312971 0.630866 0.70997 30.511 0.124498
41 82.401 145.994 -6.94183 0 0.607385 -0.31532 -0.729148 30.511 0.276195
42 -101.46 -185.735 -11.6194 0 0.215223 0.875474 0.432694 30.511 0.150685
43 0.376958 9.76937 47.0705 0 -0.320252 -0.921801 0.218452 30.511 0.106189
44 11.7994 -92.1341 -145.679 0 0.473314 -0.823227 -0.313482 30.511 0.118812
45 -54.297 188.143 34.5233 0 -0.852438 0.208883 -0.479287 30.511 0.148308
46 21.1944 98.9149 -53.2176 0 -0.910497 0.394138 0.125106 30.511 0.106021
47 -133.027 96.5143 -58.4205 0 0.281457 -0.230291 -0.93153 30.511 0.085407
48 127.285 -16.0635 51.3483 0 -0.223503 0.77958 0.585065 30.511 0.0876079
49 12.8656 94.7596 -16.7474 0 -0.697587 -0.211754 -0.684494 30.511 0.148598
50 -63.1355 -39.4638 20.8274 0 -0.76885 0.579469 -0.270343 30.511 0.111924
51 57.8865 -118.711 -114.144 0 0.693192 0.503152 0.516065 30.511 0.126203
52 87.837 187.64 49.6983 0 -0.263683 0.275854 0.924324 30.511 0.133209
53 -94.8485 54.7349 -115.138 0 -0.567788 -0.666178 -0.483552 30.511 0.0573906
54 10.1649 113.816 -138.942 0 0.882149 0.204727 0.424147 30.511 0.0944432
55 -81.7541 -150.385 104.379 0 -0.284006 0.531753 -0.79786 30.511 0.0642864
56 -42.5326 -129.628 -102.887 0 -0.637854 -0.346155 -0.687981 30.511 0.0976174
57 -4.48827 -64.6301 -67.9811 0 0.176546 -0.817415 0.548329 30.511 0.132509
58 -127.526 187.958 37.5265 0 0.968655 -0.22647 -0.102076 30.511 0.0493817
59 41.0909 189.262 120.351 0 -0.459445 0.887542 0.0343614 30.511 0.0916453
60 -31.6353 -181.32 -23.1641 0 -0.414497 -0.304601 0.857561 30.511 0.14433
61 -80.4333 155.073 -90.5425 0 -0.598121 -0.49766 0.628161 30.511 0.152795
62 -75.1305 -75.3247 -102.31 0 -0.45717 -0.0632687 0.887126 30.511 0.124108
63 -0.663865 110.814 146.875 0 0.838999 0.507069 0.197386 30.511 0.0873974
64 111.109 -161.695 -89.6527 0 -0.502925 0.844128 -0.185779 30.511 0.134615
65 -69.8862 -188.396 12.5071 0 -0.463977 0.674351 -0.574436 30.511 0.09819
66 4.81222 26.7083 -20.5136 0 -0.848286 0.449659 -0.279674 30.511 0.137762
67 -78.8382 7.43754 14.2798 0 0.521161 -0.522761 -0.67462 30.511 0.114512
68 -30.5922 140.348 117.477 0 -0.674084 0.32838 0.661648 30.511 0.120587
69 123.969 96.0518 -53.9196 0 0.524206 0.524283 0.67107 30.511 0.129318
70 -78.069 -120.398 -65.598 0 -0.293671 -0.781613 -0.550308 30.511 0.106652
71 114.047 -67.7434 -21.4799 0 0.649 -0.0364671 0.759914 30.511 0.0869838
72 -5.92679 -176.533 -75.7414 0 -0.0625387 0.976092 -0.208168 30.511 0.144801
73 110.764 -188.43 100.793 0 -0.831205 -0.527651 0.175162 30.511 0.120136
74 121.991 108.823 9.93354 0 -0.869417 0.171044 -0.463528 30.511 0.106312
75 98.5196 135.008 -66.7789 0 0.614185 -0.681192 -0.39844 30.511 0.114977
76 4.66946 191.472 -57.0849 0 0.122493 -0.579524 -0.805697 30.511 0.130266
77 -2.79211 193.121 -76.7342 0 -0.186949 0.97861 0.0858598 30.511 0.0567825
78 24.1006 -145.765 -49.7654 0 -0.908614 0.333224 0.25176 30.511 0.199377
79 52.0822 184.527 128.649 0 0.688051 -0.630618 -0.359036 30.511 0.140418
80 1.8764 -83.2961 122.07 0 0.39575 0.461643 -0.793894 30.511 0.110587
81 -105.596 89.3945 -45.9357 0 -0.156619 -0.81188 0.562425 30.511 0.111589
82 -97.5985 -9.9838 -51.7798 0 -0.615537 0.397714 -0.680395 30.511 0.123421
83 25.4338 183.169 -121.354 0 0.774124 -0.623252 0.11086 30.511 0.136268
84 19.0816 146.261 126.5 0 0.740597 -0.631596 0.229351 30.511 0.0287563
85 34.0174 4.01685 -120.479 0 -0.706965 -0.696225 -0.124384 30.511 0.0789149
86 -116.948 81.778 31.4904 0 -0.777451 -0.315251 0.544231 30.511 0.0496976
87 -77.2643 30.8764 -98.2945 0 0.777894 -0.575517 0.252311 30.511 0.143667
88 75.3227 -136.521 -31.7535 0 -0.568043 0.650104 0.50467 30.511 0.109615
89 143.887 159.904 -6.08079 0 -0.237107 -0.575526 0.782655 30.511 0.0975394
90 39.1559 152.714 -51.9931 0 -0.903032 -0.110276 -0.415177 30.511 0.115249
91 31.425 -10.5476 108.218 0 -0.341656 -0.939669 -0.0171411 30.511 0.296612
92 -14.6012 5.7694 6.1802 0 0.0813531 0.00674811 -0.996662 30.511 0.123594
93 -101.42 -40.6593 -6.46169 0 -0.603287 -0.466196 0.647075 30.511 0.0637267
94 61.7651 145.01 -24.5161 0 -0.266069 0.405002 -0.874746 30.511 0.153242
95 -136.977 -192.866 -18.7327 0 -0.655457 -0.470469 -0.590792 30.511 0.0913157
96 -79.4773 53.5318 101.605 0 -0.409199 -0.27023 0.871512 30.511 0.063133
97 -36.8164 -71.8524 114.29 0 -0.476314 0.0081604 -0.879237 30.511 0.119475
98 61.0965 -163.719 96.2513 0 0.381761 0.855832 0.349014 30.511 0.117596
99 -14.3103 -159.51 -32.0887 0 0.546566 -0.672197 0.499417 30.511 0.0178335
100 -83.3116 -39.467 10.4108 0 -0.201531 -0.951057 -0.234256 30.511 0.106952
101 -29.9861 189.789 10.9217 0 -0.587609 -0.673552 -0.448379 30.511 0.0256116
102 -103.467 -91.3173 98.3769 0 -0.053413 -0.837248 -0.544209 30.511 0.0825364
103 40.8524 157.37 62.992 0 -0.392548 -0.232921 0.889749 30.511 0.128872
104 42.7794 -86.2015 -81.0482 0 0.452046 0.722287 0.523407 30.511 0.152418
105 52.9188 166.189 59.8545 0 -0.867046 0.493972 0.0649823 30.511 0.113661
106 -35.5595 48.2859 102.814 0 -0.2987 0.781195 0.54819 30.511 0.10904
107 -62.8916 -150.946 -122.87 0 -0.721545 -0.517604 0.459847 30.511 0.064518
108 54.6346 -170.405 1.91384 0 -0.89736 0.413305 -0.154674 30.511 0.100217
109 47.7118 170.064 56.0018 0 -0.775315 -0.177736 0.60605 30.511 0.142691
110 -12.106 -90.6958 76.3925 0 0.356972 0.58469 0.728497 30.511 0.120005
111 -8.88405 -175.184 80.457 0 -0.483347 0.195648 0.853287 30.511 0.109373
112 -5.73632 149.218 19.2207 0 -0.642398 -0.71592 0.273466 30.511 0.18904
113 70.2212 17.7421 52.7219 0 -0.312068 -0.924936 -0.217041 30.511 0.131318
114 82.048 -103.012 106.108 0 0.814251 0.515083 -0.26774 30.511 0.10222
115 23.5394 70.0383 14.5781 0 0.754943 0.648488 -0.0975915 30.511 0.153394
116 6.00323 -59.9926 42.2511 0 -0.869474 0.420622 -0.259019 30.511 0.121794
117 82.7166 185.948 117.679 0 0.615934 -0.426532 -0.662341 30.511 0.138997
118 40.0515 35.8801 41.5744 0 0.83886 -0.517461 0.168965 30.511 0.128215
119 -18.8877 52.4297 79.733 0 0.100306 -0.983706 0.149203 30.511 0.149795
120 95.7572 10.1443 -89.5305 0 -0.162588 0.166333 0.972573 30.511 0.10544
121 -49.6633 -76.9883 42.9005 0 0.446984 -0.468865 -0.761821 30.511 0.0867173
122 120.426 150.994 -84.0304 0 0.408954 0.910915 -0.0546755 30.511 0.0630817
123 59.6616 93.6999 46.9731 0 -0.183326 0.710616 -0.679277 30.511 0.134247
124 114.052 -141.812 19.7447 0 -0.0132096 0.996296 0.0849668 30.511 0.0674284
125 111.731 88.1746 -53.5518 0 -0.9113 -0.395793 0.11349 30.511 0.12882
126 22.4455 -122.903 37.871 0 0.2575 -0.769061 0.585012 30.511 0.145341
127 65.8485 -121.085 -39.6963 0 -0.224443 -0.197352 -0.954294 30.511 0.106582
128 -122.724 127.386 -40.4027 0 -0.488072 -0.87244 0.0251797 30.511 0.117936
129 103.852 -76.6976 -75.1512 0 0.403558 -0.859024 -0.314988 30.511 0.0565529
130 21.7296 -87.024 118.592 0 0.859268 0.0649183 -0.507389 30.511 0.087117
131 51.9436 -177.664 -43.6708 0 0.295194 -0.640562 -0.708901 30.511 0.145212
132 -59.882 65.8373 -99.9545 0 -0.555448 0.72754 0.402695 30.511 0.136942
133 22.3364 -132.446 71.1628 0 0.404298 -0.719185 0.565081 30.511 0.144333
134 101.028 78.2446 -15.5192 0 0.858284 0.511768 -0.0379891 30.511 0.0256059
135 -101.082 -43.7131 104.809 0 0.034118 -0.0690115 0.997032 30.511 0.0809688
136 -117.721 -39.0254 -0.318094 0 0.393712 -0.598109 -0.698037 30.511 0.112891
137 -60.2358 132.942 75.5467 0 -0.164746 -0.187581 0.968335 30.511 0.124843
138 61.0386 29.6996 118.36 0 0.465163 -0.0663064 0.882738 30.511 0.0966177
139 7.33389 -75.0959 147.536 0 0.514565 0.140142 0.845922 30.511 0.0562484
140 68.1288 -76.77 -100.871 0 0.240385 -0.970201 0.0304226 30.511 0.112264
141 -146.361 -140.509 23.4395 0 0.740138 0.529561 -0.41444 30.511 0.0694661
142 137.21 125.318 16.9046 0 0.481484 0.873269 0.0746578 30.511 0.107367
143 -122.068 184.184 62.8397 0 0.548454 -0.836138 -0.00843346 30.511 0.031488
144 -21.2238 -169.627 -55.8804 0 -0.0628991 -0.447952 0.891842 30.511 0.0822552
145 23.3391 -59.1372 49.0707 0 -0.854129 -0.496915 -0.153426 30.511 0.116962
146 78.4165 -164.165 118.295 0 -0.20989 -0.975032 0.0725149 30.511 0.10974
147 -34.3906 131.362 -114.803 0 0.0594022 -0.347789 0.935689 30.511 0.0968756
148 -41.2725 -162.484 -116.052 0 -0.549067 0.589957 -0.59201 30.511 0.0532537
149 -46.0644 -139.518 -99.0827 0 -0.756439 0.336021 -0.561151 30.511 0.0648413
150 39.6052 87.81 -41.2382 0 -0.774042 -0.285206 0.565258 30.511 0.0836752
151 -22.1143 190.786 1.92299 0 -0.737777 0.113555 -0.665425 30.511 0.108416
152 -17.4511 -103.044 37.2286 0 0.872184 -0.478484 -0.101727 30.511 0.141442
153 64.2458 12.9983 1.76069 0 -0.167562 -0.184045 -0.96853 30.511 0.11212
154 71.2977 -76.7822 -33.8955 0 0.058551 -0.987903 0.143596 30.511 0.106158
155 140.046 -148.321 -6.20915 0 0.832129 -0.263276 -0.488105 30.511 0.112492
156 76.771 -171.701 -65.412 0 0.832709 -0.485985 -0.265356 30.511 0.145016
157 90.9998 92.6824 -93.2486 0 0.610393 -0.442953 0.656668 30.511 0.137647
158 126.257 -93.806 -79.9006 0 0.267398 0.950056 -0.160911 30.511 0.132045
159 71.1107 -40.875 -35.3301 0 0.62701 0.00797021 0.77897 30.511 0.102166
160 -143.537 -96.015 30.4142 0 -0.739012 0.465097 0.487387 30.511 0.0646039
161 71.5975 -112.294 28.9676 0 -0.218935 -0.955325 0.198549 30.511 0.105543
162 29.1561 -188.108 145.873 0 0.959554 0.264222 -0.0971754 30.511 0.103608
163 -45.5149 -140.776 50.0447 0 0.263009 -0.52581 0.808919 30.511 0.115792
164 27.6461 -43.0996 -119.752 0 0.383006 -0.125307 -0.915208 30.511 0.0867387
165 -88.8293 13.7864 48.9333 0 -0.130744 0.78251 -0.608757 30.511 0.191389
166 104.451 -85.0714 -18.0101 0 0.00239343 0.152485 -0.988303 30.511 0.121484
167 97.0962 132.892 43.3326 0 0.67107 0.268077 -0.69123 30.511 0.0906228
168 45.9368 -121.216 113.212 0 -0.30864 -0.86758 0.38993 30.511 0.11508
169 31.627 -170.647 -113.098 0 -0.546709 -0.827584 0.127334 30.511 0.10997
170 -124.024 112.151 38.8818 0 -0.505812 0.777087 0.374553 30.511 0.142906
171 29.947 141.382 -112.628 0 -0.895305 0.232037 -0.380247 30.511 0.107969
172 100.195 -63.6717 -10.926 0 0.443328 0.74483 0.498687 30.511 0.125218
173 4.76511 51.6149 57.8208 0 0.77085 -0.632792 0.0732408 30.511 0.126656
174 -41.5261 106.312 138.914 0 0.88748 -0.459844 -0.0303699 30.511 0.0273776
175 39.4541 -147.983 80.2512 0 -0.159047 -0.315122 0.935629 30.511 0.0908058
176 19.8337 79.0565 31.9984 0 0.217597 0.188307 -0.957701 30.511 0.135754
177 23.7547 -51.6719 -140.295 0 0.482008 -0.82462 -0.29609 30.511 0.144805
178 -48.7564 -111.215 -44.389 0 -0.0946766 0.593074 -0.799562 30.511 0.122816
179 -36.5534 138.216 -125.884 0 0.265614 -0.917745 0.295285 30.511 0.117594
180 23.2501 114.31 66.5145 0 0.626874 -0.619221 0.472858 30.511 0.0699889
181 65.2127 -49.0339 -33.2951 0 0.677272 0.705928 0.207288 30.511 0.133194
182 52.3646 -57.0792 133.097 0 -0.929784 -0.26637 0.254066 30.511 0.142968
183 -108.865 74.2326 49.036 0 -0.858647 -0.171098 0.483168 30.511 0.129639
184 0.0117302 -22.7807 121.156 0 -0.820681 0.546633 -0.166359 30.511 0.102728
185 -45.3914 -94.2933 52.0982 0 -0.0730332 0.962404 0.261618 30.511 0.12945
186 39.9379 158.537 71.1188 0 -0.053123 0.966268 0.252 30.511 0.123519
187 112.501 -126.41 91.9674 0 0.846777 -0.330869 0.416527 30.511 0.0756151
188 100.256 -49.2256 50.0176 0 -0.736404 -0.661002 -0.144171 30.511 0.10624
189 68.974 -97.3044 107.181 0 0.87143 -0.0386526 0.488995 30.511 0.137534
190 130.457 133.684 19.4874 0 0.427056 -0.849401 -0.310067 30.511 0.0945973
191 -58.3279 -140.963 -112.135 0 -0.0658399 0.997753 -0.0123839 30.511 0.0585533
192 -122.6 -194.603 -34.5134 0 0.145512 0.942016 0.302378 30.511 0.093179
193 -79.251 92.4865 35.4278 0 -0.576672 0.770461 -0.271735 30.511 0.114036
194 66.2044 -148.085 95.6256 0 0.341661 0.63144 0.696097 30.511 0.128752
195 116.363 134.23 76.2822 0 -0.483822 -0.528487 0.69758 30.511 0.117302
196 112.063 64.0784 -19.3776 0 -0.113842 0.746153 0.655969 30.511 0.144663
197 -31.6666 -128.063 103.494 0 0.11619 0.868774 0.481384 30.511 0.10797
198 3.71718 -154.242 -58.5149 0 -0.214908 0.380984 0.899258 30.511 0.123069
199 74.8896 81.2996 -64.6286 0 0.278369 0.893369 -0.352707 30.511 0.107648
200 110.285 -16.7631 -93.8824 0 -0.308777 -0.223764 -0.924438 30.511 0.107001
201 -119.291 36.8842 82.7347 0 -0.734134 -0.606215 0.305861 30.511 0.083826
202 -128.835 -53.3804 -34.2012 0 0.000657246 -0.959521 0.281638 30.511 0.128808
203 -100.208 -34.7628 -47.578 0 0.183636 -0.713663 -0.67599 30.511 0.0726673
204 -70.7207 51.8123 29.6884 0 0.945514 -0.0906636 0.312703 30.511 0.138257
205 -10.209 168.417 29.6901 0 0.5609 -0.00273313 0.827879 30.511 0.0697906
206 25.2532 -46.8578 -52.8549 0 0.754676 0.409026 -0.512993 30.511 0.059335
207 49.875 90.5097 77.9638 0 0.459855 -0.394316 0.795643 30.511 0.122161
208 69.0112 -141.696 72.839 0 -0.133053 0.718248 0.682948 30.511 0.144189
209 18.5128 156.936 -125.311 0 -0.699846 0.6326 -0.331713 30.511 0.121262
210 32.7571 104.696 141.246 0 0.870552 0.311357 0.381046 30.511 0.0787037
211 13.3914 -140.688 -88.2155 0 0.986763 0.108244 -0.120753 30.511 0.117129
212 41.7365 -86.8359 108.974 0 0.867854 0.371633 -0.329724 30.511 0.112128
213 89.6953 -147.267 -49.3237 0 -0.758491 0.0165395 -0.651474 30.511 0.0914788
214 -27.3721 -88.8459 -103.402 0 0.852548 -0.516436 -0.0803494 30.511 0.118078
215 129.887 -88.8429 -17.1968 0 -0.0710628 0.954406 -0.289931 30.511 0.0770171
216 14.6599 -15.5826 85.8463 0 0.698957 0.297814 0.650204 30.511 0.125126
217 107.658 -165.741 -36.1249 0 -0.381961 0.921866 -0.0653343 30.511 0.142191
218 -8.27606 -85.6648 96.9026 0 -0.444787 -0.729813 0.519171 30.511 0.0707968
219 -135.337 -115.135 -3.6191 0 -0.60578 0.557147 -0.567994 30.511 0.0828921
220 -104.659 -65.8829 24.6648 0 -0.579005 -0.789806 -0.202384 30.511 0.292646
221 56.4241 -106.768 123.977 0 -0.592788 0.124347 0.795701 30.511 0.0722365
222 -112.143 21.1103 71.7981 0 0.891045 -0.0318394 -0.452797 30.511 0.133129
223 3.55825 69.2238 -140.764 0 -0.300819 0.754902 0.582778 30.511 0.0841387
224 76.3216 -30.9675 73.0698 0 -0.123952 0.735544 0.666042 30.511 0.153482
225 -0.128371 19.2316 -39.5158 0 0.964958 0.238802 -0.108765 30.511 0.121692
226 32.4343 -31.7779 67.6112 0 0.85176 -0.285257 0.439469 30.511 0.116808
227 -1.16272 -91.2983 100.697 0 -0.614484 -0.778431 0.128276 30.511 0.111579
228 19.4951 -7.80272 79.3237 0 -0.740189 0.0439783 0.670959 30.511 0.141081
229 -88.6296 -193.8 -46.653 0 -0.924598 -0.362417 -0.117355 30.511 0.128357
230 105.553 -164.217 -92.608 0 0.461005 -0.77565 0.431093 30.511 0.146381
231 45.7743 53.1595 109.043 0 0.154921 0.156458 0.975459 30.511 0.0768902
232 117.042 47.55 21.7987 0 0.541035 0.831762 0.124312 30.511 0.136029
233 -110.549 13.608 -47.6581 0 0.914254 0.403041 0.0412097 30.511 0.0948622
234 29.9582 -59.3691 6.73076 0 0.986345 0.00394698 -0.164648 30.511 0.0937261
235 -144.768 102.63 1.15696 0 0.23717 -0.524966 0.817411 30.511 0.144056
236 -20.0501 -142.647 -58.0477 0 0.446303 0.750501 0.487404 30.511 0.136445
237 34.1258 20.1785 31.0293 0 0.0147954 0.58645 -0.809851 30.511 0.100513
238 84.7318 148.254 -0.538904 0 0.569795 -0.770493 0.285788 30.511 0.140833
239 -138.288 134.808 -41.9049 0 0.728161 0.351597 0.588354 30.511 0.110749
240 33.9732 175.284 8.06499 0 0.748562 0.266644 0.607088 30.511 0.119514
241 40.0232 -50.1227 -46.7599 0 0.517591 0.603693 -0.606345 30.511 0.122476
242 -35.0115 79.2902 97.8193 0 0.0542282 0.378826 -0.923878 30.511 0.0399775
243 5.48936 115.994 -96.3615 0 -0.30603 0.463551 -0.831545 30.511 0.138748
244 109.005 30.2161 53.4972 0 -0.390341 -0.293383 -0.872674 30.511 0.126044
245 -87.2154 -58.6169 18.3184 0 0.411318 0.21105 -0.886722 30.511 0.144615
246 4.41363 20.92 -120.772 0 -0.122431 -0.47 0.874134 30.511 0.122898
247 -12.133 -174.836 -143.499 0 -0.935033 -0.0872568 0.343655 30.511 0.120745
248 -53.4646 72.938 -69.0818 0 0.833295 0.337494 -0.437856 30.511 0.111217
249 -19.3581 149.8 55.5662 0 0.512562 -0.716052 -0.473868 30.511 0.0853559
250 54.1646 25.5787 21.0239 0 -0.0355251 0.345391 0.937786 30.511 0.130306
251 48.0763 100.305 -57.0291 0 0.424149 0.547296 -0.721502 30.511 0.126153
252 141.215 -144.297 -31.7846 0 -0.443595 -0.38901 0.8074 30.511 0.130869
253 -21.1015 -194.531 -136.34 0 -0.809811 -0.570747 0.135842 30.511 0.0644098
254 -62.1535 -116.375 109.416 0 0.579923 -0.714083 0.392141 30.511 0.126663
255 -108.223 112.739 -26.6363 0 -0.927355 0.0637245 -0.368718 30.511 0.10695
256 49.5701 -87.7041 1.46706 0 -0.384604 -0.172624 0.906797 30.511 0.128455
257 -62.5962 89.2761 39.8069 0 0.581707 0.0611555 0.811096 30.511 0.148286
258 -82.5025 27.8478 30.8667 0 -0.92733 -0.250001 -0.278492 30.511 0.136046
259 39.0152 179.099 -112.352 0 -0.691732 -0.324493 -0.645144 30.511 0.0871727
260 -131.631 -185.32 -35.8325 0 0.499783 0.239184 0.832471 30.511 0.0833508
261 -72.2465 -14.538 -51.1953 0 -0.0641138 0.108031 0.992078 30.511 0.104131
262 -99.7655 -8.34909 -87.3528 0 0.802723 0.089079 0.589662 30.511 0.145513
263 48.4954 -156.932 -70.5656 0 -0.318378 -0.83403 -0.450588 30.511 0.111821
264 0.661862 109.719 -1.86881 0 0.935064 -0.28249 -0.214138 30.511 0.108118
265 37.432 -90.3744 -79.0547 0 0.567589 -0.741872 -0.357028 30.511 0.0800543
266 50.3652 105.448 -67.2575 0 0.510349 0.0489862 -0.858571 30.511 0.140941
267 -47.4035 -124.522 59.1334 0 0.770459 0.157254 -0.61779 30.511 0.105249
268 14.8437 -0.220701 -104.434 0 0.685604 -0.0885691 0.722566 30.511 0.109882
269 90.79 -87.0072 -77.8081 0 0.401196 -0.125748 -0.90732 30.511 0.129617
270 29.925 -7.66589 -106.095 0 0.853417 0.0770865 -0.515497 30.511 0.0679363
271 63.3116 -81.3268 46.6002 0 -0.129012 -0.759312 0.637809 30.511 0.106841
272 -52.0069 78.176 54.8539 0 -0.520383 0.852004 0.0573615 30.511 0.145616
273 -71.7743 80.5367 39.8567 0 -0.429143 -0.0101036 0.90318 30.511 0.127727
274 18.2316 174.979 104.321 0 0.889844 0.0723986 -0.450485 30.511 0.144771
275 -11.0403 42.616 82.7158 0 -0.364671 -0.923424 0.119597 30.511 0.14361
276 0.130945 40.6635 8.66617 0 -0.75176 -0.0954521 0.652492 30.511 0.152088
277 -85.4106 -158.801 66.9209 0 -0.985933 0.125809 0.110041 30.511 0.102186
278 90.2822 186.41 109.51 0 -0.414756 -0.878912 0.235568 30.511 0.141505
279 105.485 49.6478 50.331 0 0.0844837 -0.916674 -0.390604 30.511 0.113495
280 -65.0964 10.4894 60.2452 0 0.161768 -0.745042 0.647104 30.511 0.0828503
281 107.04 -11.7386 -82.512 0 -0.95301 0.211952 0.216442 30.511 0.139685
282 61.6952 -37.4105 -123.617 0 0.120169 -0.889061 -0.441735 30.511 0.0473813
283 -8.77699 29.9718 -65.2078 0 0.890116 0.283404 0.356898 30.511 0.113072
284 96.0732 148.942 -26.2456 0 -0.0925376 0.843968 -0.528351 30.511 0.0464122
285 -10.1158 177.19 -38.2513 0 -0.703904 -0.381426 -0.599194 30.511 0.132602
286 -25.6361 -14.8306 72.6466 0 -0.505374 0.54145 -0.671885 30.511 0.116476
287 -37.5661 -161.8 102.001 0 -0.38894 0.236118 -0.890491 30.511 0.136842
288 -89.9058 87.4377 67.602 0 -0.719292 -0.0875869 -0.689165 30.511 0.0690159
289 121.205 41.9917 -54.9957 0 0.716369 -0.000157752 -0.697722 30.511 0.121804
290 74.4859 -141.471 -4.24157 0 0.276359 -0.52378 -0.805779 30.511 0.0830048
291 123.558 113.774 -28.5656 0 -0.667727 -0.189035 -0.720004 30.511 0.12656
292 -25.2707 126.245 23.3793 0 0.072453 0.452933 0.888596 30.511 0.135063
293 15.2883 -100.334 66.7425 0 -0.252248 -0.688679 0.679773 30.511 0.107479
294 -63.333 -93.6593 -67.1293 0 -0.100604 0.925264 0.365739 30.511 0.112665
295 33.5243 -182.337 56.1663 0 -0.449659 0.730242 0.514348 30.511 0.103232
296 -3.64963 22.4881 -1.29987 0 -0.461746 -0.767018 -0.445503 30.511 0.125516
297 68.3706 -71.6448 -128.292 0 0.127102 -0.419361 -0.898878 30.511 0.0812859
298 -107.208 -25.9627 -13.0781 0 -0.31078 0.950192 0.0234731 30.511 0.0362459
299 69.3579 -9.60541 102.697 0 -0.0155452 -0.836446 0.547829 30.511 0.132707
300 -19.437 119.825 -46.5435 0 0.650079 -0.735553 0.190678 30.511 0.145988
301 67.1644 -128.281 -40.0969 0 -0.595259 0.508935 0.621814 30.511 0.121605
302 -35.2836 76.9633 129.768 0 -0.741529 -0.454743 0.4933 30.511 0.13651
303 -41.8724 181.242 -19.7562 0 0.550087 0.532285 0.643488 30.511 0.0603635
304 -28.7569 56.8006 67.6994 0 0.936404 -0.322031 -0.139437 30.511 0.117593
305 -84.6946 -40.1314 67.094 0 0.368937 0.0138617 -0.929351 30.511 0.122818
306 45.2687 -26.5591 109.388 0 -0.243059 0.969445 0.0331577 30.511 0.135835
307 -125.147 -105.604 2.1117 0 -0.657118 -0.635131 0.405961 30.511 0.0710341
308 37.6712 -169.904 -20.0664 0 -0.743486 -0.585489 -0.323158 30.511 0.0996706
309 -116.558 23.5035 79.6002 0 0.568337 -0.809053 0.149751 30.511 0.124495
310 17.8478 136.846 41.0077 0 0.609566 -0.453755 0.650027 30.511 0.106142
311 59.0147 -123.973 -67.3544 0 0.955371 -0.198897 -0.218418 30.511 0.132816
312 -135.872 16.5648 -32.7677 0 0.0828223 -0.311133 0.946751 30.511 0.0741288
313 -46.6307 -135.23 137.437 0 0.448418 0.0895361 -0.889328 30.511 0.0981283
314 103.598 159.584 -12.8483 0 -0.730094 -0.317 -0.605371 30.511 0.069893
315 38.0957 34.1991 -15.1274 0 -0.662126 -0.746452 0.0663126 30.511 0.0972737
316 26.7285 -174.502 35.7059 0 0.458009 0.64843 -0.608084 30.511 0.101672
317 70.0059 -83.4585 -0.820108 0 0.371461 -0.376797 -0.848552 30.511 0.128533
318 -65.6595 -44.6806 -67.8547 0 -0.692917 -0.704735 -0.152365 30.511 0.0937772
319 -47.536 -7.255 92.278 0 0.911579 0.187608 0.365824 30.511 0.0539573
320 136.87 -173.021 37.7497 0 -0.00929964 0.711775 -0.702346 30.511 0.141596
321 35.9535 -59.1786 -50.4184 0 0.119451 -0.502194 0.856465 30.511 0.14432
322 -62.9242 -111.569 127.185 0 -0.317798 0.196173 -0.927642 30.511 0.142934
323 -73.4939 93.4883 -99.8651 0 -0.262893 0.822018 -0.505148 30.511 0.0602658
324 -139.034 107.751 -4.43351 0 0.910882 0.0605247 -0.408205 30.511 0.102264
325 -99.087 189.589 58.5248 0 -0.348807 -0.778203 -0.52224 30.511 0.113308
326 -3.226 -43.805 -148.831 0 -0.522325 -0.0523659 0.851137 30.511 0.14043
327 -44.6932 -60.9417 -26.2279 0 -0.738365 0.234413 -0.63235 30.511 0.0939989
328 -35.1376 101.356 -33.8865 0 -0.840735 -0.219406 -0.495001 30.511 0.126981
329 35.4569 -178.396 27.2397 0 0.687785 0.653892 0.31524 30.511 0.149289
330 63.4035 -60.8473 133.738 0 0.775211 0.527205 0.347998 30.511 0.0971524
331 -86.9357 -16.1704 60.228 0 0.813299 -0.204656 -0.544666 30.511 0.10479
332 -59.2113 -103.816 -52.2131 0 -0.625407 -0.435631 0.647372 30.511 0.137127
333 -12.6504 55.7112 -47.9442 0 0.251589 0.803181 -0.540004 30.511 0.0548279
334 14.4714 -172.561 23.2767 0 -0.871664 -0.240213 -0.4272 30.511 0.103045
335 6.805 -41.9298 26.2841 0 -0.0583882 -0.357649 0.932029 30.511 0.0575625
336 17.467 -24.8461 -18.6121 0 0.301254 -0.12808 0.944903 30.511 0.0799037
337 49.9903 -55.5308 132.396 0 -0.20772 -0.822035 -0.530199 30.511 0.0997357
338 50.0446 -116.314 -63.5858 0 0.0893781 -0.521879 -0.848324 30.511 0.135847
339 45.8736 191.662 126.095 0 -0.619426 0.731919 -0.283913 30.511 0.0174189
340 4.29931 -59.9083 -67.1073 0 -0.531473 0.474019 -0.702028 30.511 0.109624
341 132.209 -64.8929 -54.9881 0 0.269353 0.688151 0.67372 30.511 0.068669
342 74.5198 160.519 -122.486 0 -0.038596 -0.0210021 -0.999034 30.511 0.122592
343 -78.7952 14.4048 -114.566 0 0.37997 0.802998 0.459148 30.511 0.145091
344 50.0886 150.459 -48.0604 0 -0.128346 0.610332 0.781679 30.511 0.0843069
345 -61.4109 85.3598 87.9671 0 -0.13785 -0.0617713 -0.988525 30.511 0.101791
346 68.7405 -194.581 117.472 0 -0.0258714 -0.924863 0.379419 30.511 0.0424559
347 -33.0431 -136.784 47.5913 0 -0.412976 0.880295 -0.23352 30.511 0.131121
348 -36.3274 -6.12604 86.3032 0 0.770198 -0.228165 0.595597 30.511 0.0647502
349 132.225 -177.243 -16.8953 0 -0.743291 -0.0163651 -0.668768 30.511 0.136254
350 -132.632 -2.69559 47.7319 0 -0.984253 -0.172611 0.0381052 30.511 0.112217
351 -105.894 -62.4376 -2.06516 0 0.445188 -0.0336034 -0.894807 30.511 0.111984
352 93.6186 68.2043 -96.975 0 0.295606 -0.613612 0.732186 30.511 0.06217
353 -9.40595 -1.9798 -130.526 0 -0.931736 -0.325039 -0.161917 30.511 0.128393
354 -101.358 16.302 67.8608 0 -0.0992546 -0.77099 0.629065 30.511 0.129409
355 144.633 -108.994 1.43595 0 -0.925999 -0.285455 0.247067 30.511 0.136613
356 65.1215 7.98233 11.2885 0 -0.883536 0.12214 -0.452157 30.511 0.057502
357 -43.0383 59.6622 107.75 0 -0.003155 0.995554 0.0941387 30.511 0.121109
358 -128.949 12.0119 41.7275 0 -0.931611 -0.319436 -0.173381 30.511 0.104526
359 -131.514 -93.3311 34.2156 0 -0.311042 0.0202576 0.95018 30.511 0.0897693
360 17.736 -179.418 -146.721 0 -0.500948 0.801482 0.326614 30.511 0.140466
361 -112.088 127.878 -84.6316 0 0.155524 -0.432889 -0.88793 30.511 0.0801087
362 6.18637 93.4044 23.0168 0 -0.478217 0.87751 0.0358307 30.511 0.110292
363 98.9335 -163.589 -18.1683 0 0.256237 -0.966511 0.0141443 30.511 0.106158
364 -41.3061 -168.221 15.8401 0 0.0663954 0.881368 -0.467742 30.511 0.0918445
365 -78.2489 -182.164 -80.2269 0 0.813696 0.149014 -0.561867 30.511 0.137797
366 48.6924 72.2429 -90.1393 0 0.391732 -0.572388 0.72036 30.511 0.0516923
367 -52.6465 20.7967 37.66 0 -0.354422 0.862059 -0.362268 30.511 0.117522
368 -61.497 80.6191 -127.729 0 0.853332 0.239165 0.463277 30.511 0.123608
369 -139.646 -67.7797 23.8178 0 0.643094 -0.759875 -0.0949753 30.511 0.118333
370 -91.5459 -13.33 -105.324 0 -0.172526 0.935411 0.308611 30.511 0.0918554
371 1.90553 28.5808 -94.9471 0 -0.0368988 0.740135 -0.671445 30.511 0.109877
372 5.6093 -70.3057 70.2386 0 0.742803 0.660004 -0.112421 30.511 0.140502
373 -7.08209 -186.137 27.5257 0 -0.0123959 0.96553 0.259995 30.511 0.131322
374 -115.128 51.7971 -21.7688 0 -0.55084 0.701619 0.452002 30.511 0.0436405
375 -61.0366 29.0355 108.463 0 0.442889 -0.314702 0.839531 30.511 0.146517
376 127.299 -41.0012 47.9827 0 0.517902 0.746792 0.417227 30.511 0.135818
377 92.6082 125.921 54.3802 0 0.673349 -0.469719 -0.570934 30.511 0.0824101
378 74.0561 84.6325 92.3963 0 -0.984003 0.0117223 -0.177768 30.511 0.0699946
379 -66.5848 103.987 8.79027 0 0.524613 -0.608459 -0.595448 30.511 0.123791
380 35.6192 -156.151 -15.9981 0 0.0494225 0.671207 -0.739621 30.511 0.120501
381 -51.6607 -118.853 22.9353 0 -0.392199 0.811557 -0.433077 30.511 0.0853631
382 136.013 0.801115 -24.0634 0 0.494061 0.562836 0.662661 30.511 0.121994
383 -31.2196 150.267 -145.807 0 0.644903 -0.0504071 0.762601 30.511 0.0893689
384 -37.5636 -11.8785 132.453 0 0.813189 0.236251 0.531893 30.511 0.109747
385 -87.4451 -44.4412 -64.682 0 0.773432 -0.619041 -0.136346 30.511 0.109949
386 -68.5003 176.991 56.2699 0 -0.483256 0.724187 -0.491952 30.511 0.042187
387 -47.1851 -41.0816 -59.9006 0 0.454433 -0.182671 -0.87185 30.511 0.119121
388 130.287 84.6142 -48.5408 0 -0.833134 0.258888 0.488738 30.511 0.105274
389 -31.9969 81.8409 45.3423 0 0.625062 -0.773795 0.102653 30.511 0.123646
390 -106.747 39.559 62.9768 0 -0.028812 0.420542 0.906816 30.511 0.121556
391 114.535 -110.96 87.4067 0 -0.0648174 -0.988649 0.135545 30.511 0.100301
392 -36.1043 56.3493 -80.9968 0 -0.71113 -0.641717 -0.287217 30.511 0.131474
393 -35.54 -32.7023 -84.4767 0 0.127609 0.743806 0.656101 30.511 0.141825
394 -41.5654 -152.571 73.6431 0 0.378104 -0.913408 -0.150742 30.511 0.115815
395 -28.83 183.624 69.4067 0 0.338428 -0.0998502 -0.93568 30.511 0.13732
396 80.7539 -174.601 -34.8186 0 -0.890962 -0.0499471 0.451323 30.511 0.0933436
397 -49.7454 -69.4543 -25.0454 0 0.961803 0.228917 -0.150109 30.511 0.133485
398 -3.31428 143.241 78.6304 0 -0.547302 0.531702 -0.646338 30.511 0.194594
399 -5.2614 191.121 -142.88 0 0.195576 0.825669 -0.529171 30.511 0.099716
400 56.4922 -45.2629 22.2174 0 -0.667101 -0.732383 -0.136351 30.511 0.123454
401 65.773 159.406 58.339 0 0.640936 0.755395 0.136305 30.511 0.0313579
402 17.4366 188.524 -97.6475 0 0.952559 0.278659 -0.122396 30.511 0.118912
403 9.39569 -84.2099 -145.629 0 0.815494 -0.208311 -0.539977 30.511 0.0842703
404 -24.4788 -151.848 -117.317 0 -0.386179 0.760006 0.522739 30.511 0.13336
405 -83.2929 -36.8377 48.9168 0 0.788181 0.578995 -0.208651 30.511 0.0704951
406 -18.7134 -15.5292 -99.5208 0 0.142681 0.989189 -0.0338714 30.511 0.0839851
407 -57.4767 112.316 43.6152 0 0.18584 0.974191 0.128121 30.511 0.0971518
408 45.2719 117.386 14.2481 0 0.278188 -0.174542 0.944535 30.511 0.0826626
409 21.1851 71.8102 -97.0321 0 0.323009 -0.853729 0.408426 30.511 0.100592
410 100.639 41.6579 57.0388 0 -0.756125 -0.161345 -0.634227 30.511 0.0937675
411 102.053 -155.765 -82.0172 0 -0.834384 0.158495 0.527904 30.511 0.125394
412 91.0113 -0.157706 -92.8883 0 0.31355 0.848527 -0.426248 30.511 0.0311562
413 -59.9562 -1.23231 -64.7023 0 0.228674 -0.707283 0.668923 30.511 0.142416
414 -88.643 103.073 -44.6514 0 0.157308 -0.326663 -0.931958 30.511 0.23414
415 17.3041 -131.787 -53.8669 0 0.0999484 0.349813 -0.931473 30.511 0.059438
416 -101.338 106.922 -105.092 0 0.247398 0.961803 0.117174 30.511 0.122179
417 -33.3559 -79.198 -122.22 0 0.768701 0.454239 0.450296 30.511 0.134189
418 -43.4101 -75.6934 105.901 0 0.853585 -0.409352 0.322216 30.511 0.112673
419 119.865 61.1315 -63.0812 0 0.92107 -0.346521 0.177634 30.511 0.0993929
420 5.67336 -61.5992 -122.423 0 -0.9477 0.0387999 -0.316797 30.511 0.112119
421 -135.526 117.352 48.7125 0 0.400478 -0.382296 0.832747 30.511 0.0967005
422 1.97486 19.8228 68.0277 0 -0.411983 -0.910689 0.0302769 30.511 0.109427
423 -140.963 -124.546 -1.40132 0 0.795081 -0.254071 0.550722 30.511 0.0887007
424 122.399 83.0177 36.3277 0 -0.0551973 -0.238933 -0.969466 30.511 0.0355988
425 -45.336 -90.1956 -79.9339 0 0.364144 -0.738517 -0.567443 30.511 0.143494
426 -11.5384 -80.115 98.2331 0 0.472499 -0.266567 0.840052 30.511 0.121225
427 27.7393 108.896 -136.785 0 0.643417 -0.0719638 0.762126 30.511 0.132599
428 -29.7171 -101.755 -38.502 0 0.893816 -0.416263 0.166786 30.511 0.0976556
429 107.225 42.5386 100.385 0 0.109227 -0.853388 0.509704 30.511 0.108102
430 122.236 -190.086 65.3282 0 0.833248 0.159336 0.529443 30.511 0.127827
431 -132.603 -187.612 -47.1187 0 0.254658 -0.838218 0.482224 30.511 0.0848027
432 -71.7067 101.332 -8.47737 0 0.220675 -0.887976 0.403487 30.511 0.142189
433 89.4752 103.848 90.1194 0 0.0441906 -0.974569 0.219685 30.511 0.132742
434 -33.7103 -165.084 -37.4263 0 0.233279 0.92738 0.292485 30.511 0.0877339
435 -61.7387 118.409 -16.9672 0 0.495757 -0.21634 0.841084 30.511 0.143788
436 -130.212 106.296 24.3644 0 -0.555509 -0.675753 -0.484528 30.511 0.0970456
437 26.0526 -36.0141 50.1581 0 0.35664 0.760082 0.543216 30.511 0.112759
438 -140.022 35.9481 -2.8144 0 0.723431 0.66806 0.174195 30.511 0.073872
439 -9.20051 -1.58841 45.2858 0 -0.140324 0.65282 0.744403 30.511 0.115545
440 -139.948 -1.94026 1.49364 0 0.488414 0.761004 -0.426994 30.511 0.080931
441 -35.636 150.608 -52.4769 0 -0.613746 0.735033 0.288171 30.511 0.0237289
442 -140.919 44.7297 43.9052 0 -0.211054 0.0209973 -0.977249 30.511 0.120888
443 -63.1596 -79.2366 31.9057 0 0.182562 0.566594 0.803519 30.511 0.114908
444 -73.9851 -61.9581 52.8173 0 0.784816 -0.605189 0.133455 30.511 0.140708
445 -103.645 65.3033 41.6883 0 -0.228977 -0.425808 -0.875361 30.511 0.123146
446 16.9848 -118.956 133.228 0 -0.136937 -0.835973 -0.531411 30.511 0.0576005
447 51.0715 -160.142 -29.628 0 0.33005 0.9417 0.0653343 30.511 0.147962
448 123.518 -118.42 46.7891 0 0.0447124 -0.790223 -0.611186 30.511 0.127273
449 19.113 -145.654 -84.3382 0 0.89511 -0.317511 -0.312993 30.511 0.110599
450 -94.4522 19.8865 -115.147 0 -0.774651 -0.521005 0.358427 30.511 0.118685
451 -124.695 17.268 44.5205 0 0.575002 -0.818005 -0.0155165 30.511 0.101142
452 34.6686 136.014 120.339 0 -0.687998 -0.689549 0.226232 30.511 0.0242955
453 115.809 -183.248 -88.8319 0 0.391286 0.171089 0.904225 30.511 0.124311
454 -34.4298 17.1768 -117.727 0 0.542423 0.126688 -0.830499 30.511 0.0829652
455 54.5548 105.649 46.6325 0 -0.756492 0.267197 -0.59693 30.511 0.147606
456 53.5467 -188.528 -5.44166 0 0.213137 0.472726 0.855045 30.511 0.124975
457 102.423 95.8332 -98.4072 0 0.156076 -0.165613 -0.973762 30.511 0.122699
458 7.16395 -178.091 -65.5611 0 -0.539478 -0.751171 -0.380402 30.511 0.146893
459 -129.541 28.0093 -18.4444 0 -0.674669 -0.17294 0.717575 30.511 0.0790888
460 -34.5133 -6.74845 -47.7444 0 -0.144068 -0.0675371 -0.98726 30.511 0.147359
461 46.523 40.5406 -124.988 0 0.145275 0.519429 -0.842074 30.511 0.103901
462 32.495 144.182 -144.283 0 -0.523311 -0.838587 -0.151387 30.511 0.0975191
463 -86.7322 -112.968 -105.807 0 -0.84124 -0.438078 -0.316865 30.511 0.128955
464 -96.5595 -22.3393 -2.48791 0 0.533332 -0.746178 -0.398466 30.511 0.123649
465 110.048 -56.806 76.0483 0 0.673324 0.650873 -0.350712 30.511 0.113792
466 93.4064 -116.059 60.9381 0 -0.206732 -0.70614 0.67722 30.511 0.107291
467 -92.9263 192.987 -35.2518 0 -0.0763253 0.00587447 -0.997066 30.511 0.131273
468 127.628 134.636 48.0114 0 -0.450936 -0.834936 0.315497 30.511 0.129389
469 -63.6555 26.9911 118.489 0 -0.146823 -0.826253 0.543828 30.511 0.134801
470 11.6117 43.7066 35.2705 0 -0.664677 0.601689 0.442917 30.511 0.119172
471 61.6662 -142.812 -8.22993 0 0.0120061 -0.120091 -0.99269 30.511 0.117946
472 13.2238 45.4278 -68.8703 0 -0.230121 -0.960641 -0.155609 30.511 0.0902504
473 -77.2379 -165.005 39.8563 0 0.981676 -0.177195 -0.0701052 30.511 0.105939
474 -13.7067 175.034 -19.2417 0 0.372313 0.245753 -0.894979 30.511 0.108261
475 -102.009 -92.0507 -50.8915 0 -0.98114 0.0122457 -0.19291 30.511 0.0939094
476 -48.3668 28.0176 -25.6797 0 0.79491 -0.378137 0.474479 30.511 0.130092
477 90.0819 89.9229 -79.9044 0 0.134039 0.874045 0.46699 30.511 0.148343
478 80.7065 35.7446 32.5837 0 0.642941 -0.609361 0.464011 30.511 0.120697
479 -5.3511 55.5165 109.072 0 -0.373919 0.746085 -0.550946 30.511 0.143225
480 -23.5201 66.0694 25.1532 0 0.702595 -0.617385 -0.353831 30.511 0.108774
481 74.5164 127.01 70.2414 0 0.61748 -0.272447 0.737896 30.511 0.13006
482 18.8067 -68.5499 46.1228 0 -0.810568 0.585491 0.013401 30.511 0.0820112
483 -117.386 130.2 34.0585 0 -0.215581 -0.364358 -0.905963 30.511 0.0912226
484 2.04774 -183.519 -133.912 0 -0.823081 0.150987 0.547486 30.511 0.0891291
485 115.055 119.736 91.3601 0 0.430291 0.15286 -0.889654 30.511 0.117885
486 80.747 187.903 74.7735 0 0.358779 -0.637534 0.681782 30.511 0.14074
487 94.2494 -109.634 -63.2017 0 0.0351703 -0.0847533 -0.995781 30.511 0.128996
488 -73.9018 -139.714 -108.334 0 0.267144 0.413637 -0.870367 30.511 0.128739
489 35.7513 -19.3421 109.39 0 0.269738 0.342253 -0.900058 30.511 0.0869243
490 -46.5595 82.1093 -75.504 0 -0.509856 -0.853686 -0.106143 30.511 0.155581
491 61.0126 -12.5437 119.719 0 0.774664 0.491672 0.397687 30.511 0.145447
492 2.98755 -24.6194 148.078 0 0.196968 0.941681 0.272837 30.511 0.0962884
493 -41.3694 123.552 123.903 0 0.280555 -0.17172 0.944352 30.511 0.102176
494 -31.2001 17.8824 -130.375 0 0.06945 -0.842762 0.533788 30.511 0.118635
495 -128.79 -3.49132 17.0312 0 0.451796 0.308375 -0.837129 30.511 0.0610511
496 -116.732 157.602 -76.4368 0 0.96876 0.211317 0.129805 30.511 0.149866
497 87.6924 38.4706 -3.09083 0 0.459821 -0.318804 0.828812 30.511 0.144174
498 -86.9755 -17.4263 22.9107 0 0.875668 -0.237463 0.420497 30.511 0.0181073
499 -14.8477 77.4598 46.1958 0 -0.52029 0.283397 -0.805596 30.511 0.112562
500 91.206 -33.5661 -40.2259 0 -0.439697 0.253798 0.861541 30.511 0.115889
501 -30.9756 3.17065 15.1466 0 0.470437 0.830363 -0.298642 30.511 0.0911289
502 -55.8424 188.535 -36.7425 0 0.79348 0.608592 0.0023098 30.511 0.11712
503 108.467 -65.9276 98.8234 0 -0.73925 0.592055 -0.320906 30.511 0.134614
504 61.0482 -151.858 35.8703 0 -0.411039 -0.625502 -0.66317 30.511 0.12518
505 1.41799 -124.986 -113.685 0 -0.718499 0.449423 0.530827 30.511 0.0885129
506 36.6978 124.38 76.1477 0 0.616892 0.551899 -0.561116 30.511 0.103
507 32.2582 133.604 -25.6294 0 -0.0640568 0.504866 -0.860817 30.511 0.0749778
508 59.3851 -55.0644 -3.39616 0 0.962191 0.253932 -0.0985253 30.511 0.136296
509 39.7047 22.2399 78.8087 0 -0.281147 -0.928271 -0.243452 30.511 0.108218
510 -112.324 -139.968 78.0969 0 0.751824 0.274584 -0.59947 30.511 0.0694982
511 -25.5913 -83.0737 57.9756 0 -0.298244 0.834115 -0.464007 30.511 0.133456
512 -26.2784 -1.19805 11.1959 0 -0.184483 0.325684 -0.927306 30.511 0.121766
513 49.9865 178.587 120.396 0 0.856197 0.348035 0.381837 30.511 0.127407
514 7.53009 104.445 -45.2578 0 0.971143 0.173608 0.16353 30.511 0.135607
515 26.9497 147.007 -136.026 0 -0.113474 -0.0678382 0.991222 30.511 0.0985474
516 -40.2815 13.6163 -132.002 0 0.929571 -0.208462 0.304042 30.511 0.136504
517 -30.3333 -157.206 60.0808 0 0.859635 0.144255 -0.490121 30.511 0.0375333
518 -126.436 93.3832 79.0313 0 -0.36565 0.875261 0.316574 30.511 0.0750221
519 50.8515 -6.64624 -17.3633 0 0.659616 -0.529017 -0.533898 30.511 0.0732268
520 -45.155 -167.499 135.158 0 -0.711521 -0.315898 -0.627652 30.511 0.104702
521 79.9381 84.0592 41.7541 0 -0.836164 -0.53201 -0.133402 30.511 0.121235
522 48.4947 12.1457 -76.0973 0 0.899491 0.022872 -0.43634 30.511 0.126842
523 43.4023 194.423 -92.364 0 0.86021 0.261169 -0.437983 30.511 0.109712
524 48.769 146.298 -24.7075 0 -0.145011 0.0809866 -0.98611 30.511 0.0331915
525 82.8387 93.4264 75.8805 0 -0.632977 0.0996375 0.767732 30.511 0.098874
526 -30.6903 93.7478 39.3194 0 -0.71123 0.407327 -0.572919 30.511 0.147535
527 -45.2303 117.068 120.686 0 0.969978 -0.0903977 -0.225766 30.511 0.0593567
528 10.8087 -1.6658 -129.091 0 -0.725715 0.280343 -0.628288 30.511 0.0887869
529 -71.7581 -105.623 6.09392 0 -0.21598 -0.593913 -0.774997 30.511 0.11261
530 -121.035 -132.66 34.1876 0 -0.0904215 0.42696 0.899739 30.511 0.0399555
531 4.41114 -34.7352 87.8337 0 -0.0109886 -0.00256173 0.999936 30.511 0.0867786
532 -80.1912 -137.92 -118.441 0 -0.825272 0.0599622 0.561543 30.511 0.128105
533 39.3171 68.9887 124.245 0 -0.960021 0.279867 -0.0057534 30.511 0.108028
534 -12.9964 -162.091 1.80297 0 -0.730525 0.479451 -0.486271 30.511 0.0869888
535 36.6902 66.6693 76.6866 0 0.910914 0.400868 0.0976781 30.511 0.0835353
536 -45.577 171.115 -77.9994 0 -0.255988 0.662727 0.703749 30.511 0.0517838
537 -80.9665 140.257 -109.297 0 0.164612 -0.0660063 -0.984147 30.511 0.138611
538 -80.1479 160.32 -4.29635 0 0.720264 0.563235 -0.404952 30.511 0.0883842
539 -118.974 112.098 -55.9955 0 0.202559 0.958909 -0.198655 30.511 0.0930093
540 53.5999 149.307 66.8081 0 -0.815354 0.495272 0.299839 30.511 0.0914489
541 6.91207 143.406 88.5117 0 0.521259 -0.684798 0.509255 30.511 0.149535
542 14.2422 140.962 127.394 0 0.152817 0.0778576 0.985183 30.511 0.0880119
543 91.6854 57.6425 -25.6278 0 0.601378 -0.250304 -0.758744 30.511 0.0925502
544 -105.072 -17.8342 -73.5031 0 0.158332 -0.752834 0.638883 30.511 0.122234
545 -137.292 -113.162 6.88518 0 0.563316 -0.624733 -0.540725 30.511 0.092829
546 -83.0932 21.3237 -40.1928 0 -0.0100687 0.732663 -0.680517 30.511 0.088346
547 -1.33744 -50.9313 122.404 0 -0.969881 -0.00241111 -0.243568 30.511 0.130601
548 -9.05147 192.957 -113.107 0 -0.239269 0.935332 0.260584 30.511 0.0577943
549 1.08563 141.252 91.5746 0 -0.700697 -0.573387 -0.424561 30.511 0.105143
550 36.6735 -132.317 -48.7716 0 -0.202204 -0.972987 -0.111403 30.511 0.133218
551 21.0149 105.379 74.6592 0 0.649351 -0.296464 0.700323 30.511 0.118274
552 80.0343 125.236 -59.18 0 0.0824482 0.0275273 -0.996215 30.511 0.14442
553 71.6933 -106.333 -123.119 0 0.333284 0.814151 -0.475478 30.511 0.092181
554 -144.092 151.05 5.36805 0 -0.819544 0.290273 -0.494054 30.511 0.0972091
555 -114.127 121.962 66.7661 0 0.660512 -0.138177 -0.737991 30.511 0.123038
556 -109.514 39.723 -81.1774 0 -0.485437 -0.605133 0.631003 30.511 0.090021
557 23.7937 134.859 -134.311 0 0.614199 0.507779 0.604086 30.511 0.0596297
558 14.2875 -24.4036 69.2242 0 -0.881189 0.465038 0.0851214 30.511 0.102528
559 85.1627 27.0365 20.3635 0 -0.0661553 -0.816007 0.574244 30.511 0.120977
560 -140.826 -84.9366 -3.84779 0 0.104069 0.937216 0.332861 30.511 0.0718938
561 -32.203 123.607 -125.006 0 -0.268616 0.511712 0.816086 30.511 0.0520001
562 -18.8328 98.4574 -114.312 0 0.0474821 -0.694772 -0.717661 30.511 0.134942
563 -93.321 22.1865 69.9567 0 -0.560623 0.647474 -0.516216 30.511 0.135952
564 21.9798 -165.291 -144.229 0 -0.577883 0.608728 -0.5436 30.511 0.0783561
565 12.6639 -134.966 -106.644 0 -0.30666 -0.908925 -0.282516 30.511 0.0960926
566 -51.2758 17.0983 -39.2768 0 0.795887 -0.0946761 0.597997 30.511 0.119983
567 140.027 107.309 40.0089 0 0.932182 0.0906284 0.350462 30.511 0.0753619
568 118.339 -157.008 -42.2487 0 -0.849122 -0.420693 -0.319388 30.511 0.0141362
569 113.418 133.636 -52.0756 0 -0.326365 0.544328 -0.772782 30.511 0.130192
570 -64.6097 47.2525 -92.1043 0 0.815688 0.571886 -0.0871767 30.511 0.123653
571 -121.388 -149.834 -70.2358 0 -0.648307 0.695336 -0.31017 30.511 0.139455
572 -117.39 111.969 70.3425 0 -0.526537 -0.29396 -0.797713 30.511 0.0962362
573 -60.0736 26.8084 -98.2955 0 -0.233769 -0.0618835 0.970321 30.511 0.118098
574 73.1016 -179.349 100.936 0 -0.645417 0.189947 0.739835 30.511 0.107279
575 -49.609 -32.5415 16.0362 0 0.255998 0.939577 0.227289 30.511 0.130183
576 -101.757 -5.33383 -61.3374 0 -0.603635 -0.786346 0.131474 30.511 0.137575
577 -17.1556 89.9432 -69.6464 0 -0.704777 -0.212756 0.676775 30.511 0.119567
578 85.8931 141.663 72.9564 0 -0.149842 0.625856 -0.76541 30.511 0.102108
579 -43.4781 -186.282 -54.3592 0 0.804741 0.480722 0.34828 30.511 0.122462
580 -116.326 -94.5457 55.1845 0 0.55099 -0.0508668 -0.83296 30.511 0.108453
581 36.3127 -156.389 29.8728 0 -0.519473 0.411525 -0.748862 30.511 0.128999
582 -51.0689 130.688 53.3236 0 -0.522847 0.530133 0.667525 30.511 0.147597
583 -34.6325 41.1857 106.968 0 -0.0107701 0.855442 -0.517787 30.511 0.146778
584 -112.921 54.8268 -27.0186 0 -0.613838 -0.569135 -0.547073 30.511 0.093434
585 132.464 149.575 52.0548 0 0.589604 -0.633755 -0.500722 30.511 0.0959444
586 -137.824 -140.469 -42.4806 0 -0.0694596 0.347178 0.935224 30.511 0.10846
587 10.7873 20.909 40.5919 0 -0.429092 0.318802 0.84513 30.511 0.123691
588 -64.6137 -21.6148 129.792 0 0.294126 -0.0307792 0.955271 30.511 0.100429
589 -65.9427 -53.8579 42.8455 0 -0.47162 0.871002 0.137587 30.511 0.147066
590 -118.461 127.424 -62.2737 0 0.287565 0.755508 -0.588654 30.511 0.134717
591 -87.7082 -16.4671 -68.9342 0 -0.709134 -0.704303 0.0329514 30.511 0.114546
592 -61.3752 -106.199 -79.3781 0 0.10637 0.864245 0.491697 30.511 0.123762
593 94.7752 -60.2586 70.977 0 -0.829701 0.54445 0.123172 30.511 0.113456
594 51.0323 -5.02959 36.9102 0 -0.126328 -0.961352 0.24463 30.511 0.149935
595 -88.6593 -162.951 60.725 0 0.380845 0.171884 0.908523 30.511 0.086466
596 -13.4884 -46.2958 -54.9932 0 0.910009 0.078788 0.407033 30.511 0.0812861
597 -29.247 -86.9976 -87.294 0 -0.85675 0.282702 -0.431346 30.511 0.135447
598 46.8259 167.449 -49.1875 0 -0.949467 -0.0870284 0.301559 30.511 0.110612
599 24.7449 -84.6535 -86.9843 0 -0.663315 0.580921 0.471746 30.511 0.117099
600 -124.282 87.9333 -26.9448 0 -0.309061 0.938022 -0.156834 30.511 0.121193
601 -0.582111 38.6635 -106.596 0 0.862716 -0.251275 0.438842 30.511 0.135437
602 -135.408 -174.645 -19.3881 0 -0.471148 -0.765809 -0.437672 30.511 0.134082
603 50.1727 -61.0492 -48.2805 0 0.646443 -0.390197 0.655635 30.511 0.132834
604 12.1962 -194.717 125.223 0 0.204733 0.333579 -0.920222 30.511 0.0920406
605 69.6891 62.0097 -129.886 0 0.847079 -0.483819 -0.219946 30.511 0.0723593
606 80.2412 -118.717 -8.13308 0 -0.710767 0.126222 0.692011 30.511 0.13093
607 -79.1934 71.1631 -57.2222 0 0.505705 -0.581694 0.637099 30.511 0.131065
608 17.5232 -44.913 111.737 0 -0.221087 -0.929133 0.296365 30.511 0.105259
609 91.4755 2.72317 -44.1185 0 0.30691 -0.91198 0.272211 30.511 0.0752547
610 -87.9068 50.5606 -3.58318 0 -0.386852 0.915125 -0.113541 30.511 0.136027
611 -97.3127 -27.7623 48.6254 0 -0.781952 -0.610831 -0.124241 30.511 0.1338
612 -44.1846 -3.3001 125.78 0 -0.819269 -0.243095 -0.51933 30.511 0.144204
613 33.1233 69.8181 -94.512 0 -0.817107 0.528987 0.229148 30.511 0.141001
614 110.912 126.762 41.3102 0 -0.74826 0.638575 -0.179802 30.511 0.14795
615 -30.2605 57.4998 15.2568 0 -0.210517 -0.974121 0.0822854 30.511 0.112695
616 111.484 -95.389 -30.1704 0 0.831659 0.429399 0.352079 30.511 0.148121
617 -132.014 167.078 47.1031 0 -0.886699 0.162323 0.432917 30.511 0.0583729
618 95.165 -140.366 -35.8681 0 -0.782362 -0.00855272 0.622765 30.511 0.127984
619 -63.6083 121.184 -10.5291 0 0.0279761 0.802517 0.595973 30.511 0.114274
620 13.916 1.51193 134.222 0 -0.0790765 0.897714 0.433424 30.511 0.120395
621 56.0883 -178.714 128.446 0 0.764464 -0.0185907 0.644398 30.511 0.113738
622 -92.405 59.9055 -2.66557 0 0.360089 0.928105 0.094642 30.511 0.107007
623 69.7639 -77.8294 -47.2029 0 0.903231 -0.279081 0.326017 30.511 0.133669
624 -108.779 -180.499 -91.7827 0 0.982326 -0.161589 0.0944718 30.511 0.0538226
625 42.4651 61.7878 -134.358 0 -0.264867 0.332468 0.905158 30.511 0.123023
626 -39.4627 -187.544 87.2712 0 0.0994377 0.707684 -0.699497 30.511 0.122835
627 103.293 174.263 63.6563 0 0.922137 -0.133469 0.363109 30.511 0.125036
628 41.5159 -73.1235 -16.7326 0 0.985346 0.00988192 -0.170282 30.511 0.129406
629 -50.4528 -194.961 47.6424 0 0.851829 0.159006 0.499104 30.511 0.138439
630 -105.061 120.073 92.3104 0 0.686655 -0.213952 -0.694787 30.511 0.118319
631 -1.74261 11.5571 -133.896 0 0.0275898 0.698179 -0.715391 30.511 0.063131
632 -107.583 189.059 -74.4973 0 0.147151 -0.55767 -0.816915 30.511 0.108186
633 8.92006 -146.846 -3.93957 0 -0.385222 0.489876 0.782065 30.511 0.144104
634 -78.3842 -122.451 -0.84234 0 -0.330278 0.551326 -0.766131 30.511 0.0942477
635 89.0897 -109.456 -58.7219 0 -0.485105 0.691638 -0.53508 30.511 0.13007
636 93.1031 -73.5805 -66.4119 0 0.0508689 -0.718196 0.693979 30.511 0.0622724
637 85.054 89.8787 39.6993 0 -0.83083 -0.162908 0.532149 30.511 0.058574
638 -106.733 -190.325 95.8335 0 -0.514151 0.0718348 0.854686 30.511 0.10734
639 -105.162 165.392 -14.3213 0 0.685004 0.659504 -0.309554 30.511 0.118643
640 59.5434 162.666 -23.8703 0 0.988869 0.142187 0.0438385 30.511 0.110053
641 -86.0202 -4.41285 86.4424 0 -0.176314 -0.94 0.292085 30.511 0.0951889
642 -117.101 -50.491 22.698 0 0.372624 -0.00777883 0.92795 30.511 0.136276
643 80.4879 -165.234 -61.7973 0 0.585392 0.142359 0.798154 30.511 0.123397
644 77.4242 -35.3516 -123.287 0 0.205277 -0.415484 0.886135 30.511 0.083384
645 88.617 44.1846 90.9226 0 0.717973 0.631845 0.292037 30.511 0.0609292
646 32.0088 152.116 95.1242 0 0.223941 0.646253 -0.729525 30.511 0.138413
647 89.4985 83.6566 -33.875 0 0.897086 0.045266 -0.439531 30.511 0.1387
648 -64.4849 97.5804 -31.9101 0 0.151832 0.274476 0.949532 30.511 0.14838
649 59.1801 -194.825 36.9392 0 0.469918 -0.734387 -0.489747 30.511 0.0492126
650 -71.7677 -78.2547 127.727 0 0.914444 -0.280749 0.2915 30.511 0.122214
651 -31.8418 -104.65 128.92 0 -0.709656 -0.0891198 0.698889 30.511 0.0718014
652 -20.2289 -81.2545 84.0129 0 0.583979 0.567583 0.580361 30.511 0.0501456
653 -94.8443 -24.4261 34.5418 0 0.277785 -0.104466 -0.954946 30.511 0.136109
654 89.1186 108.655 -10.598 0 0.362086 -0.334292 -0.870139 30.511 0.102555
655 -16.453 123.06 106.987 0 0.870687 -0.439986 -0.219811 30.511 0.119423
656 -5.94864 -114.74 -130.955 0 0.155802 0.508512 -0.846842 30.511 0.147437
657 -109.969 -27.8574 52.0345 0 0.523809 -0.545393 -0.654347 30.511 0.120186
658 -32.6512 109.583 -71.0411 0 -0.736047 0.0598944 -0.674276 30.511 0.123729
659 -69.758 -103.203 -22.8499 0 0.212448 -0.61253 0.761363 30.511 0.0800759
660 -137.463 136.548 5.28551 0 -0.0865451 -0.439506 0.894061 30.511 0.0658982
661 61.4512 146.61 34.8039 0 0.850629 0.322152 0.41551 30.511 0.126461
662 38.5654 189.901 -15.2727 0 0.886631 0.0511211 0.459643 30.511 0.118208
663 -93.0486 -11.294 115.427 0 -0.827952 -0.469287 -0.307025 30.511 0.113764
664 39.746 129.484 -58.2748 0 -0.58127 -0.302066 -0.755567 30.511 0.0929625
665 107.932 -31.1337 18.3059 0 -0.362479 -0.861472 0.355632 30.511 0.143764
666 -105.644 23.0623 89.1451 0 0.234128 0.899278 0.369436 30.511 0.115115
667 26.3516 165.828 -103.23 0 -0.172099 0.619923 0.765557 30.511 0.116208
668 131.06 117.409 19.9797 0 0.350487 0.914653 0.201418 30.511 0.0901124
669 -1.13504 -24.2898 50.243 0 -0.26271 -0.748364 0.609044 30.511 0.0836708
670 -85.5408 -155.428 106.622 0 0.25829 -0.622454 0.738808 30.511 0.143762
671 -99.6909 18.4937 72.5475 0 0.522055 0.609933 0.596189 30.511 0.103467
672 -98.9804 173.806 102.667 0 -0.325042 0.674362 0.663011 30.511 0.119417
673 0.479829 107.651 -144.183 0 -0.49829 0.191432 -0.845613 30.511 0.0938229
674 113.213 181.031 76.9114 0 -0.523633 -0.477155 0.705784 30.511 0.105039
675 -127.542 130.43 -2.69412 0 -0.0525878 -0.841098 0.53832 30.511 0.0955535
676 55.6862 -31.0201 -63.1615 0 -0.514881 0.225511 -0.827068 30.511 0.122389
677 -77.3394 -19.2568 108.847 0 0.415324 0.602412 0.68162 30.511 0.139688
678 106.468 33.0822 12.7473 0 0.872005 -0.487987 -0.0384177 30.511 0.147043
679 37.2035 5.51188 142.225 0 0.85051 -0.377684 0.366042 30.511 0.101249
680 -38.13 109.76 -44.9667 0 0.0139003 -0.999108 0.0398774 30.511 0.114957
681 130.721 -187.949 44.829 0 -0.0444225 0.965774 0.255554 30.511 0.138483
682 20.8103 125.933 56.2935 0 -0.860018 0.490185 -0.141732 30.511 0.125971
683 -33.1896 177.466 22.6129 0 0.990524 0.137204 0.0061872 30.511 0.111053
684 77.4023 19.9936 -9.69904 0 -0.772219 -0.618867 0.143815 30.511 0.123211
685 -50.1388 51.6165 133.02 0 0.753521 -0.00837092 -0.657371 30.511 0.133328
686 103.652 47.5002 -7.85317 0 0.65957 -0.225465 -0.717031 30.511 0.109296
687 138.902 -10.2505 4.45605 0 -0.746039 0.489785 0.451151 30.511 0.112454
688 57.5915 -60.968 -112.129 0 0.232298 0.0248579 -0.972327 30.511 0.133357
689 -87.6983 129.334 -5.03878 0 0.41937 0.0522104 -0.906313 30.511 0.13355
690 66.294 25.497 95.7879 0 -0.20508 -0.970075 0.129984 30.511 0.14617
691 -130.807 -134.982 68.5084 0 0.198401 -0.0746683 0.977273 30.511 0.159988
692 -39.8209 162.551 -40.5977 0 0.663278 -0.517071 0.541016 30.511 0.132083
693 14.5547 145.502 133.803 0 -0.00742497 0.147474 0.989038 30.511 0.111203
694 -97.8069 4.50094 -100.262 0 0.00927904 -0.966375 -0.256971 30.511 0.139507
695 81.3125 -184.244 -3.70536 0 -0.978883 -0.147487 0.14155 30.511 0.136835
696 -16.4851 183.045 85.4412 0 0.0997574 0.10979 -0.988936 30.511 0.101772
697 -57.3335 165.279 -57.9143 0 0.697096 -0.531212 0.48153 30.511 0.113872
698 -47.5726 -114.33 -87.7773 0 0.583944 -0.779058 0.228205 30.511 0.103847
699 -51.6302 -13.4668 -108.326 0 0.824969 -0.234382 0.514287 30.511 0.116874
700 -142.925 -165.546 29.5129 0 -0.295546 -0.65497 0.695462 30.511 0.0463731
701 -103.687 190.469 -78.3388 0 0.467791 -0.883325 0.030133 30.511 0.044023
702 -48.221 69.9118 -47.3471 0 0.977854 0.0094464 -0.209075 30.511 0.111351
703 20.1434 193.062 101.56 0 -0.150681 0.48499 -0.86144 30.511 0.0799825
704 92.1781 190.555 -3.62396 0 -0.673396 0.730236 0.115298 30.511 0.140626
705 22.004 47.0961 142.465 0 -0.749506 -0.565011 -0.344968 30.511 0.125107
706 41.2709 -26.9986 68.7935 0 -0.610011 -0.0223717 -0.792077 30.511 0.086035
707 16.0246 -138.015 -92.3513 0 0.0233948 -0.963366 0.267169 30.511 0.141761
708 -59.0138 -33.648 103.552 0 -0.824918 0.535985 -0.179528 30.511 0.116018
709 128.196 -62.806 71.1964 0 -0.916958 0.0312804 0.397756 30.511 0.121648
710 83.6419 24.9788 -86.3057 0 0.583614 -0.808865 0.0716417 30.511 0.149552
711 23.2418 37.4679 -68.5358 0 0.211386 0.961699 0.174502 30.511 0.0989348
712 -12.2926 27.98 -113.836 0 -0.229831 0.899079 0.372605 30.511 0.113467
713 109.313 -85.8295 66.7497 0 0.333029 0.794904 -0.507168 30.511 0.124084
714 -0.439364 157.836 -4.02067 0 -0.806094 -0.558389 0.195997 30.511 0.0943364
715 64.9856 43.0535 8.58175 0 -0.0666209 0.254268 0.964837 30.511 0.143764
716 53.6769 84.7849 -92.8031 0 -0.00144121 0.648514 0.761201 30.511 0.122912
717 36.9232 -31.0084 -0.688852 0 -0.389059 -0.853578 0.346464 30.511 0.137573
718 114.555 -81.5181 -48.7519 0 0.00261078 0.221546 0.975147 30.511 0.0474455
719 -53.7303 -57.2758 -76.0088 0 0.514858 0.400637 0.757899 30.511 0.127846
720 -31.5945 -99.376 19.1406 0 -0.876825 -0.451644 -0.164909 30.511 0.132109
721 -139.414 -89.0562 -17.0349 0 -0.75782 0.106814 -0.643661 30.511 0.084239
722 116.446 147.856 84.8556 0 -0.186918 -0.642372 0.743249 30.511 0.142538
723 -96.4624 -49.4216 -106.092 0 0.98871 -0.115562 -0.0953802 30.511 0.104277
724 -5.10262 -128.802 130.92 0 0.750238 0.651969 0.109907 30.511 0.133276
725 46.9489 -61.0761 -61.2621 0 -0.467762 -0.445025 0.763643 30.511 0.0631618
726 7.72533 82.3809 -71.9519 0 -0.378467 -0.803369 -0.459741 30.511 0.110993
727 15.9417 -49.0784 124.642 0 0.109836 -0.230755 -0.966793 30.511 0.138877
728 64.4495 -26.1664 78.7811 0 0.113009 0.384785 0.916062 30.511 0.0955847
729 61.4087 43.6062 20.0161 0 0.825215 -0.507877 0.247146 30.511 0.12459
730 10.1084 -168.83 -36.3487 0 -0.920884 -0.224853 0.318456 30.511 0.102641
731 138.058 68.5451 -33.2286 0 0.115743 0.993001 -0.0235163 30.511 0.142424
732 -9.58915 -64.4817 -132.179 0 -0.258789 0.679651 -0.686369 30.511 0.156367
733 3.69068 145.816 46.2423 0 -0.462254 -0.389891 0.796433 30.511 0.147508
734 -102.041 136.438 47.5351 0 -0.677721 -0.057386 -0.733077 30.511 0.135868
735 -13.7034 -142.657 -102.549 0 -0.237138 -0.500375 -0.832701 30.511 0.119597
736 -136.25 -63.0318 -48.7641 0 0.0103546 0.802995 -0.595896 30.511 0.142394
737 -7.31435 -25.2797 132.767 0 -0.174082 -0.486131 -0.856371 30.511 0.112163
738 -69.2921 180.475 -91.8536 0 0.875244 0.110638 -0.470857 30.511 0.11949
739 112.264 -111.128 96.8182 0 -0.212636 0.879115 0.426548 30.511 0.117216
740 -50.2433 -102.851 -116.038 0 -0.787944 -0.283111 0.546802 30.511 0.065706
741 39.4585 -133.654 130.495 0 0.430912 0.615527 -0.65988 30.511 0.0994133
742 32.3909 162.898 -41.3886 0 0.699098 -0.544373 -0.463595 30.511 0.112536
743 71.3071 -67.5984 40.4542 0 -0.951424 -0.302542 0.0571001 30.511 0.119013
744 11.0502 41.5101 79.2262 0 -0.731858 -0.656125 -0.184076 30.511 0.123264
745 -16.3507 34.2638 -15.3817 0 -0.739509 -0.539056 -0.403169 30.511 0.15195
746 -131.628 -65.601 4.03504 0 -0.199183 0.171804 -0.964785 30.511 0.0778088
747 23.2346 -44.5661 -36.6885 0 -0.5278 -0.275061 -0.803598 30.511 0.153879
748 20.7029 179.806 22.8959 0 0.844108 0.126944 0.520929 30.511 0.105884
749 106.374 126.248 -51.3129 0 0.183068 0.195435 -0.963479 30.511 0.139477
750 -108.204 178.767 -6.77775 0 0.3041 -0.426235 -0.851966 30.511 0.139744
751 50.8926 -193.172 -69.7616 0 -0.636466 0.397757 -0.660833 30.511 0.0437018
752 85.5726 -154.778 -76.9885 0 0.356928 0.737279 0.573604 30.511 0.158238
753 -109.593 -178.269 39.0437 0 0.739149 0.359235 -0.569745 30.511 0.148313
754 -91.6422 164.146 33.4364 0 0.136868 0.725113 -0.674891 30.511 0.0313412
755 69.812 -54.2315 -63.018 0 0.899499 0.150695 0.410113 30.511 0.143252
756 44.7895 -83.1253 -113.876 0 -0.482037 -0.605498 -0.633255 30.511 0.116095
757 46.7951 30.8036 -40.0717 0 0.30827 0.810029 0.498821 30.511 0.144991
758 59.5227 148.552 3.13103 0 -0.681258 -0.686618 -0.253856 30.511 0.0947996
759 48.9571 190.305 100.037 0 -0.233503 -0.357921 0.904084 30.511 0.0787167
760 53.5276 105.008 61.4588 0 -0.576735 0.547604 0.606223 30.511 0.095671
761 132.866 131.773 14.8505 0 0.0337803 0.98985 -0.138046 30.511 0.0940528
762 30.3781 -181.983 124.945 0 0.689283 0.186694 0.700024 30.511 0.107478
763 73.6805 37.1069 59.6334 0 -0.412908 0.443258 -0.795632 30.511 0.147457
764 11.1514 -43.6236 -97.6994 0 -0.6089 0.73261 -0.304175 30.511 0.11924
765 59.8512 0.291845 -95.0321 0 -0.235376 0.236094 -0.942793 30.511 0.130527
766 25.8545 -4.25583 104.844 0 -0.126873 -0.280833 0.951334 30.511 0.128948
767 -86.6282 116.293 -73.7329 0 -0.352449 -0.237081 0.905302 30.511 0.109615
768 -39.9695 -87.0281 -73.2218 0 -0.314864 -0.403 -0.859332 30.511 0.150366
769 30.2466 109.42 -61.828 0 -0.14149 -0.875898 -0.461285 30.511 0.124075
770 141.025 54.2613 -1.18237 0 -0.97366 -0.0503176 0.222384 30.511 0.0993037
771 1.20819 -49.7853 89.2688 0 -0.635207 -0.322256 -0.7019 30.511 0.112958
772 -58.7737 19.351 5.4153 0 -0.0726864 0.997354 0.00115001 30.511 0.0909881
773 -62.1122 -127.384 -55.0055 0 -0.935322 -0.200146 0.291744 30.511 0.146627
774 5.96098 93.5463 -14.9775 0 -0.122741 -0.974669 0.186963 30.511 0.120914
775 37.6325 193.384 21.5116 0 -0.243581 0.17801 -0.953405 30.511 0.114308
776 -67.5462 148.867 -49.6591 0 0.597994 0.794229 0.107723 30.511 0.0681105
777 -33.0576 155.374 12.9367 0 0.34916 0.829139 -0.436597 30.511 0.0605241
778 38.7708 28.4215 -27.2237 0 0.853259 0.210968 0.476908 30.511 0.125526
779 58.2458 151.57 -46.5123 0 0.431414 0.788986 0.437474 30.511 0.0957746
780 104.801 115.984 73.5763 0 -0.307195 -0.939092 0.15407 30.511 0.0754706
781 83.8235 150.598 -79.5534 0 0.659499 -0.205289 0.72313 30.511 0.11063
782 39.5612 75.5271 135.191 0 0.821416 -0.00208325 0.570326 30.511 0.138636
783 73.398 -163.747 -113.96 0 -0.0870356 -0.949487 -0.301495 30.511 0.075179
784 13.0483 -81.3364 -110.16 0 0.514064 0.726483 -0.456026 30.511 0.145442
785 0.820184 49.0361 -133.727 0 -0.178889 -0.778592 0.601492 30.511 0.0991692
786 142.766 156.243 -5.49735 0 -0.128011 -0.294432 -0.94706 30.511 0.122597
787 16.7953 118.399 -28.998 0 -0.0695316 0.755883 -0.651004 30.511 0.124762
788 -97.1091 -163.266 -5.53387 0 0.612038 -0.778653 -0.138234 30.511 0.137265
789 72.9124 35.761 -4.67031 0 0.366187 0.831034 -0.418676 30.511 0.129903
790 98.2624 82.3208 -39.0768 0 0.128926 0.377808 0.916864 30.511 0.125288
791 17.6637 -42.828 -40.0509 0 -0.508264 -0.855469 -0.0991994 30.511 0.123109
792 -83.3827 -175.01 -22.0335 0 0.197729 0.700741 0.685467 30.511 0.0934602
793 -101.142 -190.928 79.725 0 -0.579932 -0.20668 0.788012 30.511 0.100909
794 -48.6324 -79.212 109.036 0 -0.403175 0.650195 -0.643969 30.511 0.144239
795 -9.34686 103.599 22.8385 0 0.899429 -0.171821 -0.401878 30.511 0.144804
796 63.7083 -113.539 55.6831 0 0.828459 -0.528793 -0.184485 30.511 0.099697
797 134.621 -128.036 6.8819 0 0.0651223 0.151571 0.986299 30.511 0.0830921
798 100.531 96.6524 -18.0328 0 0.753612 0.633858 0.174051 30.511 0.251021
799 -129.453 -2.89906 11.5208 0 0.473299 -0.876116 0.0916989 30.511 0.109454
800 108.764 4.85721 -77.7888 0 0.874989 0.311992 -0.370209 30.511 0.128329
801 -85.1592 -83.461 -10.7016 0 -0.144833 -0.84641 -0.512458 30.511 0.135038
802 114.346 -163.105 3.2053 0 0.538979 0.567822 -0.622158 30.511 0.115752
803 -127.756 -130.266 54.4092 0 -0.141203 0.196094 -0.970365 30.511 0.107255
804 91.3684 55.4478 76.1003 0 -0.339522 0.935601 0.0968288 30.511 0.124132
805 7.12146 47.3973 146.124 0 0.804714 -0.10663 0.584008 30.511 0.0244115
806 -15.8249 -70.5684 -71.7447 0 -0.0602725 -0.984108 0.167027 30.511 0.118542
807 84.0289 122.962 -20.1839 0 0.838112 0.367486 0.403141 30.511 0.144624
808 99.0424 -166.504 -87.2837 0 0.9442 -0.214257 -0.250162 30.511 0.0306546
809 -54.5997 5.36564 75.3848 0 -0.391151 0.818065 -0.421628 30.511 0.123319
810 58.9752 -57.007 -60.5593 0 0.339223 -0.457223 0.822116 30.511 0.074796
811 81.1708 -174.744 109.404 0 0.185554 -0.109474 0.976517 30.511 0.129326
812 139.243 120.331 19.3519 0 0.189893 0.976246 0.104332 30.511 0.135683
813 -77.8753 -51.1986 55.6285 0 -0.801231 -0.243449 -0.546591 30.511 0.114389
814 -83.3712 153.742 -17.8419 0 -0.690253 -0.580045 -0.432549 30.511 0.0975214
815 -92.8337 -149.899 -29.9404 0 -0.395571 0.541218 0.742028 30.511 0.0662522
816 26.061 -143.318 -44.3127 0 0.682259 -0.526668 0.507093 30.511 0.143947
817 61.3299 -17.3901 -42.7837 0 -0.680681 -0.689627 0.24716 30.511 0.107954
818 65.901 116.709 -46.4264 0 -0.084269 -0.786503 -0.61181 30.511 0.143368
819 -123.814 2.3382 12.8192 0 -0.557955 0.808541 0.186943 30.511 0.12063
820 -18.8696 83.3883 28.1113 0 -0.32574 -0.94352 -0.060531 30.511 0.113442
821 -126.016 -187.923 28.9392 0 -0.128513 0.871011 -0.474157 30.511 0.126563
822 44.4836 54.1538 126.909 0 -0.635292 0.516871 0.573801 30.511 0.128143
823 91.1905 51.938 17.9916 0 0.147707 -0.972955 0.177598 30.511 0.0957793
824 -1.2059 -124.349 -104.851 0 -0.977687 -0.031041 -0.207761 30.511 0.0457505
825 41.3637 -187.222 -33.1515 0 0.754515 -0.155806 0.63752 30.511 0.0979011
826 60.0051 88.7713 -6.47608 0 0.790871 -0.520994 -0.321074 30.511 0.136994
827 118.054 130.347 23.3231 0 -0.400625 0.340931 -0.850451 30.511 0.13691
828 80.2277 -65.5332 -24.9827 0 -0.0559963 0.435482 -0.898454 30.511 0.114264
829 -95.5628 -160.034 -86.5284 0 -0.179008 -0.773749 0.607675 30.511 0.127257
830 99.9637 143.179 29.2815 0 -0.836777 -0.132068 0.531378 30.511 0.122336
831 27.578 35.6166 134.475 0 0.973255 -0.0295904 -0.227816 30.511 0.0879515
832 -7.41861 -158.266 28.4435 0 0.506504 -0.41979 0.753147 30.511 0.156981
833 -76.1548 10.4139 -114.902 0 -0.0933129 0.306244 -0.947369 30.511 0.123327
834 -4.96307 -189.969 107.051 0 -0.860154 0.155632 -0.485709 30.511 0.113447
835 67.7154 -191.267 61.3741 0 -0.515938 -0.751389 -0.411366 30.511 0.0938485
836 -15.1792 -12.0529 45.7261 0 0.230275 -0.619753 -0.750253 30.511 0.128702
837 -99.2554 -105.772 47.627 0 -0.796364 -0.594479 -0.111346 30.511 0.0913048
838 -55.6736 132.496 56.296 0 0.796357 -0.500224 0.339988 30.511 0.152141
839 -27.2359 8.30033 2.34292 0 0.793957 0.395224 0.461985 30.511 0.127908
840 33.2834 -149.509 85.1117 0 -0.900088 0.33222 -0.281906 30.511 0.246851
841 61.6486 -92.0756 44.0307 0 -0.233208 -0.939945 -0.249236 30.511 0.109904
842 22.5149 28.0406 -84.5304 0 -0.103379 0.89046 -0.443164 30.511 0.134326
843 49.2388 -175.138 -82.9461 0 0.541567 0.82052 -0.182901 30.511 0.133866
844 129.439 -151.199 60.8173 0 0.25741 0.944402 0.204559 30.511 0.117924
845 103.404 -3.63463 -2.19213 0 0.966068 -0.0860678 0.243527 30.511 0.0996763
846 -50.4935 133.025 30.2191 0 -0.222923 -0.79008 -0.571032 30.511 0.15743
847 136.807 44.825 45.7566 0 -0.418594 0.0992363 -0.902735 30.511 0.132792
848 -52.5036 64.7053 80.1591 0 -0.675653 0.683737 -0.275675 30.511 0.0983387
849 134.349 -187.899 -13.3283 0 0.871864 -0.486873 -0.0529969 30.511 0.123472
850 11.304 47.5904 82.4198 0 0.157036 -0.810466 -0.564345 30.511 0.142326
851 26.643 -7.58625 30.2262 0 -0.70189 -0.221932 0.676828 30.511 0.133492
852 121.759 106.667 43.9948 0 0.180229 -0.663974 -0.725711 30.511 0.126054
853 58.8018 99.0267 45.485 0 -0.850139 0.163666 -0.500476 30.511 0.108065
854 69.0499 122.566 128.911 0 -0.438771 0.55076 0.71003 30.511 0.111228
855 41.2817 -91.7748 -119.39 0 0.141657 0.785815 0.602021 30.511 0.02999
856 -12.8576 84.2279 -46.0244 0 -0.17269 -0.709654 0.683059 30.511 0.120201
857 -65.8678 -146.334 21.5254 0 0.497158 0.842498 -0.20744 30.511 0.117924
858 -90.8176 -51.9181 104.671 0 0.474003 -0.432272 0.767113 30.511 0.137254
859 -40.6827 -180.598 -94.1668 0 -0.175978 -0.876681 -0.44773 30.511 0.134545
860 -98.0508 145.027 -53.9098 0 -0.594091 -0.803663 -0.0343648 30.511 0.116147
861 119.535 187.444 -59.4418 0 0.689047 0.399552 -0.604626 30.511 0.111064
862 77.6012 -86.454 -9.92376 0 0.758396 0.613758 0.219402 30.511 0.0819746
863 76.9385 76.6373 -30.4252 0 -0.967772 0.119757 -0.221529 30.511 0.0262764
864 -22.2568 -89.9808 -127.285 0 -0.228561 -0.394401 0.89006 30.511 0.0474894
865 102.61 66.3572 -32.4949 0 0.997567 -0.0239977 0.0654541 30.511 0.178747
866 22.1879 -181.678 -77.2463 0 -0.846479 -0.299318 -0.44032 30.511 0.0762241
867 7.12384 51.2387 -86.4097 0 -0.698444 -0.240474 0.674054 30.511 0.110998
868 -78.7644 106.52 37.1736 0 0.302683 0.239942 0.922394 30.511 0.130901
869 107.718 -144.314 -99.9671 0 -0.509184 -0.156189 -0.846367 30.511 0.0613058
870 -21.2254 37.6749 60.3417 0 0.603901 0.702227 0.377069 30.511 0.14084
871 34.197 -148.075 143.129 0 -0.57867 0.391387 0.715511 30.511 0.0928383
872 52.4173 38.6176 -93.7844 0 0.485861 -0.853125 0.190046 30.511 0.151735
873 -40.7382 -173.681 -51.2503 0 -0.541288 -0.827386 0.1498 30.511 0.0950213
874 -86.1476 -32.5799 -45.4102 0 0.88867 -0.342313 0.305101 30.511 0.106517
875 -60.9922 -118.594 130.336 0 -0.15339 0.971003 0.183373 30.511 0.142253
876 -138.552 155.074 13.5865 0 -0.791217 -0.601133 -0.112314 30.511 0.110592
877 13.3417 -38.6188 114.166 0 -0.0256125 0.996485 -0.0797652 30.511 0.0734384
878 -78.9438 97.6851 -15.9157 0 0.119633 0.706817 0.697207 30.511 0.123885
879 37.7414 -115.446 -86.8809 0 -0.972094 0.134061 -0.19251 30.511 0.135344
880 -44.9912 -95.2099 54.2893 0 0.973247 -0.22961 0.00833452 30.511 0.143917
881 -31.1814 84.9003 49.3819 0 -0.430528 -0.875731 -0.218499 30.511 0.132189
882 -23.9432 175.137 13.0164 0 0.0934342 -0.932965 0.347629 30.511 0.122475
883 -20.8165 -57.9193 138.42 0 0.899239 0.1735 -0.401582 30.511 0.133893
884 -18.5169 -8.77769 -35.6741 0 0.120679 -0.74748 0.65323 30.511 0.0784958
885 -42.5146 60.9507 12.944 0 0.161912 -0.946142 0.280355 30.511 0.118805
886 38.7636 -22.8864 -125.299 0 -0.664813 -0.64807 -0.371521 30.511 0.0971066
887 106.641 -78.0194 58.8164 0 -0.177287 0.0695754 -0.981697 30.511 0.104184
888 -116.504 82.1554 -17.6855 0 -0.648839 0.677246 -0.34691 30.511 0.104792
889 -62.1332 140.51 3.8758 0 -0.211077 -0.634589 0.743467 30.511 0.0732614
890 -24.7579 -92.1449 145.146 0 0.115657 0.0832469 -0.989795 30.511 0.0999611
891 34.0854 -46.4228 63.9983 0 0.316411 -0.932307 0.175181 30.511 0.140861
892 -27.6622 138.029 43.8383 0 -0.897863 0.232088 -0.374134 30.511 0.115163
893 101.881 -74.9237 85.8139 0 -0.897577 -0.440411 0.0198363 30.511 0.150702
894 14.2092 -187.29 -63.1922 0 -0.477146 0.19799 0.856231 30.511 0.134409
895 -46.8582 29.9086 94.3567 0 0.982945 0.148182 -0.108912 30.511 0.148671
896 78.0527 -174.504 -126.853 0 0.123976 -0.448188 -0.885301 30.511 0.0474001
897 -68.5283 -40.2632 -50.4242 0 -0.653221 -0.745488 0.132475 30.511 0.108402
898 108.891 -81.9412 -41.6831 0 0.984545 0.134681 -0.111946 30.511 0.124121
899 -35.48 -179.948 -128.229 0 0.947179 -0.200945 0.249946 30.511 0.137907
900 -58.3306 166.217 -26.4208 0 -0.865759 0.0599945 -0.496853 30.511 0.131146
901 -109.468 -41.225 -61.4702 0 0.66531 -0.412971 0.621946 30.511 0.111583
902 88.4189 -105.201 95.2847 0 -0.686032 0.460504 -0.56329 30.511 0.152291
903 13.4569 69.6732 51.4809 0 0.351483 -0.829627 -0.433796 30.511 0.0717002
904 -70.2056 7.74734 102.859 0 0.0217442 -0.987756 -0.154482 30.511 0.151409
905 -122.315 171.788 48.2034 0 -0.775718 0.265965 0.572297 30.511 0.118391
906 -87.8739 87.699 -78.3271 0 0.0341243 -0.74898 -0.661713 30.511 0.121473
907 129.969 -98.3633 -23.4021 0 0.529518 -0.478238 -0.700642 30.511 0.114836
908 94.0703 -135.199 -87.7368 0 0.273054 -0.824035 -0.496394 30.511 0.114395
909 103.069 -135.816 -34.9146 0 -0.283887 0.897849 -0.336563 30.511 0.0398575
910 43.8141 154.825 -140.522 0 -0.4382 -0.317173 -0.84106 30.511 0.0900797
911 11.2514 33.5891 -22.8175 0 -0.496868 0.687683 -0.529353 30.511 0.156251
912 -5.63995 79.8503 -37.7271 0 -0.245575 -0.590658 -0.768646 30.511 0.143219
913 -110.151 -152.869 21.6364 0 -0.543274 -0.633666 0.550746 30.511 0.141918
914 21.9721 -26.6719 32.834 0 0.365339 -0.826065 -0.429121 30.511 0.116987
915 -46.7816 -26.5498 38.6302 0 -0.926714 0.200481 -0.317818 30.511 0.146103
916 104.042 146.952 25.2197 0 -0.755095 -0.413754 0.508565 30.511 0.0699371
917 -83.7733 -38.2873 83.2345 0 -0.668008 -0.210064 0.713889 30.511 0.123371
918 110.001 -160.632 -18.3602 0 0.132129 -0.935628 0.327325 30.511 0.0311209
919 14.7344 155.316 26.274 0 0.259804 -0.570979 -0.778772 30.511 0.0612846
920 15.9039 118.089 113.399 0 0.880675 -0.20595 0.426609 30.511 0.114836
921 50.3163 -111.979 36.4453 0 0.615108 0.320204 0.720494 30.511 0.138032
922 -115.454 94.7193 31.5372 0 -0.588146 0.288001 0.755738 30.511 0.111755
923 51.4131 107.234 -83.982 0 -0.620059 -0.784271 -0.0211111 30.511 0.196608
924 80.0628 85.7978 -58.9875 0 0.015723 -0.314523 -0.94912 30.511 0.123726
925 -136.353 69.658 16.1507 0 0.301343 0.621693 0.722973 30.511 0.0816792
926 60.3353 125.024 122.609 0 0.446471 -0.454083 -0.771021 30.511 0.0921096
927 -14.4679 -115.807 -110.66 0 -0.174459 -0.30059 -0.937662 30.511 0.129021
928 -94.2936 -147.153 -2.75848 0 -0.828844 -0.55683 0.0543792 30.511 0.107789
929 -9.89547 35.9457 -32.9953 0 -0.389262 -0.920393 -0.0367562 30.511 0.121691
930 -66.6636 179.028 -71.0978 0 -0.29297 -0.940427 -0.172528 30.511 0.0951436
931 79.9951 138.999 98.7071 0 0.438089 -0.894074 -0.0933226 30.511 0.0663049
932 -32.7242 -92.0509 -123.165 0 0.880984 -0.470072 -0.0538468 30.511 0.0450161
933 -12.7511 155.875 -63.3133 0 0.839217 0.0734439 -0.538814 30.511 0.153482
934 45.2714 -163.195 137.944 0 -0.769184 -0.188669 -0.610541 30.511 0.118683
935 -69.9795 -8.49409 -31.447 0 -0.0556764 -0.994114 0.0929422 30.511 0.0944886
936 86.0631 -106.173 84.2781 0 0.329427 0.731945 -0.596435 30.511 0.121326
937 32.5238 -102.536 -102.902 0 0.188283 -0.238574 0.952697 30.511 0.103786
938 60.1735 -190.022 98.9979 0 -0.377373 -0.620521 0.687418 30.511 0.102769
939 22.2322 45.1891 -51.8104 0 -0.380912 -0.640195 0.667126 30.511 0.129536
940 -27.3991 89.8524 -113.167 0 0.972418 0.203585 -0.11383 30.511 0.119375
941 -59.5638 -144.066 123.422 0 -0.530784 -0.661766 -0.529465 30.511 0.145649
942 -24.5986 166.001 -46.3264 0 0.898907 -0.0282176 0.43723 30.511 0.125106
943 -47.5152 -140.271 -47.4631 0 -0.0602413 0.0211057 0.997961 30.511 0.145928
944 -147.997 117.015 6.39617 0 0.814483 0.577842 -0.0521094 30.511 0.135784
945 99.3516 89.9049 12.0488 0 -0.32809 0.940829 0.0848441 30.511 0.0774102
946 -94.1207 -78.2313 54.5977 0 0.139102 -0.445968 0.884174 30.511 0.104737
947 -2.02698 133.794 -15.7509 0 -0.214914 0.318989 -0.92307 30.511 0.00606181
948 -7.26827 -88.6526 -120.899 0 0.0271206 0.776648 0.62935 30.511 0.139248
949 49.6854 -128.38 -103.265 0 -0.956708 0.2904 -0.0194546 30.511 0.142646
950 -50.4203 -81.5793 -46.3496 0 -0.647392 -0.399709 0.648935 30.511 0.106882
951 148.982 157.441 -14.7649 0 0.846256 -0.164102 -0.506874 30.511 0.0359924
952 -71.0792 109.104 28.22 0 -0.183149 0.429445 -0.884326 30.511 0.101357
953 115.748 -17.4701 -49.0729 0 -0.397499 -0.856051 -0.330409 30.511 0.0264431
954 -107.648 -125.309 -20.6064 0 0.178571 -0.32152 0.929913 30.511 0.119112
955 138.05 44.9075 22.1438 0 -0.982995 -0.155907 0.0970263 30.511 0.105959
956 16.0722 -61.1993 52.9483 0 0.304383 -0.946726 0.105166 30.511 0.122356
957 43.452 -172.228 94.167 0 0.430315 0.518578 -0.738855 30.511 0.148357
958 25.4134 164.559 -98.8663 0 0.533037 -0.791392 0.299284 30.511 0.102335
959 101.808 -71.5215 -45.9792 0 -0.694343 -0.52122 -0.496204 30.511 0.205039
960 26.2843 54.7127 -92.4404 0 -0.265881 -0.00487909 -0.963994 30.511 0.120093
961 4.76505 68.1008 -33.2808 0 0.0450857 0.733255 -0.678458 30.511 0.110987
962 107.891 191.296 59.1405 0 0.401206 0.159863 0.90193 30.511 0.100267
963 56.2345 -170.175 -19.5092 0 0.789688 -0.195228 0.581617 30.511 0.0781298
964 31.3276 62.0294 28.3487 0 0.00249529 0.920411 -0.390945 30.511 0.08892
965 2.27809 -79.2531 133.542 0 0.180474 0.478126 0.859549 30.511 0.0890414
966 -17.3886 -191.591 31.7611 0 0.039713 0.999141 -0.0118722 30.511 0.136154
967 131.562 43.5699 -31.6629 0 -0.493431 0.309177 0.81298 30.511 0.141819
968 -65.5801 -74.7232 73.3111 0 0.187219 -0.264113 0.946147 30.511 0.114042
969 30.4283 110.092 -20.2231 0 -0.222079 -0.877817 -0.424404 30.511 0.122631
970 16.9936 187.274 -105.425 0 0.111953 0.936688 -0.331785 30.511 0.111839
971 11.3245 -142.814 68.8991 0 -0.0144636 0.754711 0.655898 30.511 0.137145
972 -32.0816 -5.37918 -126.784 0 -0.3372 0.641069 -0.68944 30.511 0.123916
973 117.027 -69.1099 -4.60456 0 0.174042 0.16891 -0.970144 30.511 0.142525
974 -70.1167 85.7921 114.658 0 -0.355976 -0.384409 0.851769 30.511 0.0709166
975 42.499 -22.4492 141.84 0 -0.81157 0.000392385 -0.584256 30.511 0.110344
976 -43.1027 -70.5878 92.8736 0 0.460889 -0.712621 -0.528916 30.511 0.123269
977 32.0602 -70.1029 -105.768 0 -0.0648312 -0.00388369 0.997889 30.511 0.178992
978 68.9886 -31.2505 39.1498 0 -0.726019 0.242408 -0.643533 30.511 0.0701759
979 48.6949 -79.3433 -64.7479 0 0.819222 -0.419453 -0.391069 30.511 0.11835
980 0.60972 -177.086 110.84 0 0.697456 0.418254 -0.58191 30.511 0.120006
981 51.004 -91.2769 31.0969 0 -0.139437 0.877092 0.459638 30.511 0.0461842
982 -53.3774 -27.649 11.7554 0 0.882607 0.228096 -0.411068 30.511 0.142763
983 124.482 -42.3502 78.5185 0 -0.137878 0.455442 -0.879524 30.511 0.136102
984 -5.68984 20.3925 143.898 0 -0.197002 -0.0325702 -0.979862 30.511 0.159578
985 87.4096 150.051 -86.32 0 -0.277526 -0.389711 -0.878126 30.511 0.131799
986 -38.8958 -185.015 126.674 0 -0.116855 0.966894 0.226848 30.511 0.114455
987 -81.9253 168.709 16.9015 0 -0.708442 -0.553718 -0.437613 30.511 0.0935855
988 84.9173 54.922 -97.6451 0 0.686743 0.58466 0.431922 30.511 0.139547
989 -24.9693 58.7304 49.3787 0 -0.251419 -0.555529 -0.792575 30.511 0.118762
990 -26.8754 79.2926 110.292 0 -0.501361 0.522241 -0.689857 30.511 0.0598975
991 -69.0403 -128.782 -121.789 0 -0.593731 0.797005 0.110756 30.511 0.132462
992 104.731 109.686 -73.0801 0 0.342479 -0.866973 0.36203 30.511 0.127059
993 118.417 -37.3299 -10.0827 0 0.126864 0.0148423 0.991809 30.511 0.121229
994 -60.6906 112.815 -53.613 0 0.317252 0.945059 -0.0788336 30.511 0.113714
995 -11.5614 -123.344 -29.9488 0 0.733316 -0.150902 0.662931 30.511 0.0854496
996 -18.0739 -147.355 -50.5402 0 -0.645435 -0.763703 -0.0130618 30.511 0.119525
997 -35.5037 -120.714 -89.8021 0 -0.60742 0.535327 0.586912 30.511 0.158775
998 110.576 -173.297 -60.9288 0 -0.608811 0.65021 -0.454506 30.511 0.138324
999 53.7745 78.206 -59.0695 0 -0.24988 -0.736347 -0.628771 30.511 0.138689
