eventNumber clusterNumber angle
2 0 51.0
3 0 39.0
5 0 45.0
6 0 60.0
9 0 48.0
12 0 39.0
14 0 33.0
15 0 39.0
16 0 36.0
17 0 39.0
18 0 39.0
20 0 45.0
21 0 40.5
23 0 45.0
25 0 40.5
26 0 45.0
30 0 48.0
31 0 42.0
34 0 42.0
35 0 39.0
37 0 45.0
41 0 48.0
42 0 36.0
44 0 39.0
45 0 51.0
48 0 45.0
49 0 45.0
50 0 36.0
51 0 42.0
53 0 42.0
54 0 39.0
56 0 40.5
58 0 45.0
59 0 42.0
60 0 45.0
61 0 48.0
63 0 45.0
64 0 39.0
65 0 60.0
67 0 54.0
68 0 45.0
70 0 45.0
73 0 45.0
75 0 30.0
76 0 36.0
77 0 39.0
78 0 33.0
79 0 42.0
80 0 45.0
81 0 36.0
82 0 42.0
84 0 45.0
87 0 39.0
88 0 46.5
89 0 39.0
90 0 42.0
91 0 49.5
92 0 42.0
93 0 42.0
94 0 39.0
99 0 48.0
100 0 39.0
103 0 51.0
104 0 42.0
105 0 45.0
106 0 39.0
108 0 42.0
111 0 39.0
112 0 42.0
113 0 39.0
114 0 42.0
116 0 39.0
117 0 39.0
120 0 45.0
121 0 45.0
122 0 39.0
124 0 33.0
126 0 39.0
127 0 42.0
130 0 39.0
131 0 39.0
132 0 39.0
133 0 42.0
134 0 51.0
135 0 42.0
137 0 39.0
138 0 39.0
139 0 39.0
140 0 57.0
142 0 48.0
143 0 39.0
144 0 39.0
145 0 39.0
147 0 42.0
151 0 45.0
152 0 45.0
155 0 39.0
156 0 39.0
158 0 36.0
159 0 39.0
160 0 33.0
164 0 36.0
165 0 33.0
168 0 42.0
169 0 39.0
172 0 42.0
173 0 54.0
174 0 45.0
175 0 39.0
176 0 57.0
177 0 45.0
178 0 36.0
179 0 36.0
183 0 39.0
186 0 42.0
188 0 39.0
190 0 45.0
194 0 45.0
195 0 36.0
196 0 39.0
199 0 42.0
200 0 36.0
201 0 36.0
202 0 40.5
203 0 42.0
204 0 42.0
205 0 42.0
207 0 45.0
208 0 39.0
209 0 45.0
210 0 36.0
211 0 39.0
212 0 36.0
213 0 39.0
214 0 39.0
215 0 33.0
218 0 36.0
220 0 39.0
221 0 45.0
223 0 43.5
225 0 45.0
226 0 39.0
228 0 36.0
229 0 39.0
230 0 39.0
234 0 30.0
241 0 48.0
242 0 54.0
245 0 42.0
246 0 36.0
247 0 51.0
248 0 42.0
249 0 36.0
250 0 51.0
252 0 40.5
255 0 42.0
256 0 36.0
257 0 33.0
259 0 42.0
260 0 42.0
263 0 51.0
264 0 48.0
265 0 42.0
266 0 42.0
267 0 36.0
268 0 33.0
270 0 30.0
273 0 48.0
274 0 36.0
276 0 42.0
278 0 51.0
279 0 40.5
282 0 39.0
284 0 39.0
285 0 39.0
288 0 42.0
291 0 39.0
292 0 39.0
293 0 36.0
295 0 45.0
296 0 40.5
298 0 36.0
299 0 45.0
300 0 42.0
302 0 60.0
304 0 42.0
306 0 42.0
309 0 39.0
310 0 39.0
311 0 39.0
312 0 54.0
313 0 48.0
315 0 42.0
317 0 48.0
318 0 42.0
320 0 39.0
321 0 36.0
322 0 48.0
323 0 39.0
324 0 45.0
327 0 36.0
329 0 41.0
332 0 39.0
333 0 36.0
334 0 39.0
336 0 30.0
340 0 33.0
341 0 45.0
343 0 42.0
346 0 39.0
347 0 36.0
349 0 42.0
350 0 45.0
351 0 45.0
353 0 48.0
354 0 45.0
355 0 45.0
357 0 45.0
358 0 40.5
362 0 45.0
363 0 33.0
364 0 45.0
365 0 48.0
367 0 57.0
368 0 36.0
369 0 63.0
370 0 43.5
375 0 36.0
377 0 33.0
378 0 42.0
379 0 48.0
381 0 36.0
383 0 75.0
384 0 42.0
385 0 48.0
387 0 48.0
388 0 42.0
393 0 51.0
394 0 42.0
395 0 39.0
396 0 45.0
397 0 31.5
398 0 42.0
399 0 51.0
400 0 42.0
401 0 36.0
402 0 57.0
405 0 36.0
406 0 39.0
408 0 42.0
410 0 42.0
411 0 33.0
412 0 45.0
413 0 48.0
415 0 48.0
418 0 39.0
419 0 42.0
420 0 42.0
423 0 42.0
427 0 39.0
430 0 33.0
431 0 42.0
432 0 42.0
435 0 54.0
436 0 39.0
437 0 39.0
438 0 42.0
439 0 34.5
445 0 42.0
450 0 42.0
451 0 33.0
452 0 42.0
453 0 42.0
454 0 36.0
455 0 39.0
456 0 39.0
457 0 42.0
458 0 45.0
459 0 33.0
461 0 27.0
462 0 45.0
465 0 45.0
466 0 39.0
468 0 39.0
469 0 45.0
470 0 45.0
472 0 36.0
473 0 36.0
474 0 42.0
475 0 42.0
477 0 36.0
478 0 48.0
479 0 42.0
480 0 42.0
481 0 42.0
482 0 39.0
483 0 42.0
484 0 39.0
485 0 42.0
487 0 36.0
488 0 36.0
494 0 42.0
496 0 42.0
497 0 39.0
499 0 45.0
501 0 42.0
502 0 40.5
504 0 42.0
505 0 39.0
506 0 39.0
508 0 57.0
511 0 36.0
512 0 45.0
513 0 36.0
514 0 48.0
515 0 42.0
516 0 39.0
517 0 36.0
519 0 42.0
522 0 42.0
524 0 39.0
526 0 42.0
528 0 36.0
529 0 42.0
531 0 36.0
535 0 39.0
538 0 36.0
540 0 54.0
543 0 54.0
544 0 42.0
545 0 45.0
546 0 42.0
547 0 39.0
548 0 45.0
550 0 36.0
551 0 42.0
553 0 42.0
555 0 33.0
556 0 42.0
557 0 39.0
558 0 42.0
559 0 45.0
560 0 48.0
561 0 42.0
563 0 39.0
564 0 48.0
568 0 33.0
574 0 42.0
575 0 48.0
577 0 55.5
579 0 39.0
583 0 42.0
584 0 42.0
585 0 42.0
586 0 33.0
588 0 39.0
589 0 36.0
592 0 39.0
593 0 39.0
594 0 43.5
595 0 42.0
596 0 45.0
597 0 39.0
600 0 42.0
603 0 30.0
605 0 39.0
606 0 33.0
607 0 39.0
608 0 51.0
609 0 51.0
610 0 36.0
611 0 42.0
613 0 33.0
615 0 43.5
616 0 39.0
618 0 39.0
619 0 42.0
620 0 36.0
621 0 48.0
622 0 36.0
623 0 42.0
624 0 37.5
626 0 48.0
627 0 39.0
630 0 33.0
631 0 39.0
632 0 45.0
633 0 48.0
635 0 39.0
637 0 39.0
638 0 46.5
643 0 51.0
644 0 33.0
645 0 45.0
647 0 45.0
651 0 48.0
654 0 37.5
657 0 30.0
659 0 39.0
660 0 48.0
662 0 39.0
663 0 51.0
664 0 42.0
666 0 42.0
671 0 39.0
672 0 36.0
673 0 48.0
674 0 36.0
675 0 42.0
676 0 39.0
677 0 39.0
678 0 45.0
679 0 42.0
681 0 39.0
682 0 42.0
685 0 48.0
686 0 45.0
687 0 39.0
689 0 39.0
690 0 36.0
691 0 48.0
692 0 36.0
693 0 42.0
694 0 45.0
695 0 39.0
696 0 45.0
702 0 42.0
703 0 39.0
705 0 39.0
707 0 45.0
708 0 45.0
709 0 33.0
710 0 36.0
711 0 39.0
714 0 45.0
715 0 42.0
716 0 63.0
719 0 45.0
720 0 63.0
722 0 39.0
723 0 42.0
724 0 46.5
727 0 39.0
728 0 42.0
729 0 43.5
730 0 42.0
731 0 42.0
732 0 48.0
733 0 48.0
735 0 39.0
736 0 51.0
737 0 39.0
739 0 42.0
740 0 36.0
742 0 48.0
745 0 48.0
747 0 42.0
749 0 42.0
754 0 39.0
756 0 45.0
757 0 42.0
758 0 49.5
760 0 36.0
761 0 43.5
762 0 36.0
764 0 48.0
766 0 42.0
768 0 42.0
770 0 39.0
773 0 43.5
776 0 45.0
778 0 33.0
780 0 33.0
781 0 36.0
782 0 36.0
783 0 48.0
784 0 39.0
785 0 48.0
787 0 54.0
789 0 48.0
790 0 42.0
791 0 36.0
792 0 48.0
793 0 42.0
795 0 48.0
799 0 48.0
800 0 36.0
803 0 54.0
806 0 36.0
807 0 40.5
808 0 36.0
809 0 42.0
810 0 45.0
812 0 45.0
813 0 42.0
814 0 39.0
817 0 39.0
818 0 45.0
823 0 45.0
825 0 40.5
826 0 60.0
827 0 39.0
829 0 39.0
830 0 54.0
832 0 39.0
833 0 60.0
834 0 42.0
836 0 45.0
840 0 42.0
841 0 42.0
842 0 54.0
843 0 42.0
844 0 36.0
845 0 54.0
846 0 33.0
847 0 39.0
850 0 36.0
851 0 31.5
852 0 39.0
853 0 42.0
854 0 51.0
857 0 36.0
858 0 39.0
861 0 39.0
862 0 48.0
864 0 33.0
865 0 42.0
866 0 39.0
867 0 42.0
868 0 37.5
869 0 42.0
870 0 36.0
871 0 43.5
873 0 39.0
874 0 39.0
875 0 42.0
876 0 45.0
877 0 33.0
879 0 45.0
883 0 37.5
884 0 36.0
885 0 30.0
886 0 36.0
887 0 36.0
888 0 39.0
889 0 36.0
892 0 42.0
894 0 42.0
895 0 45.0
900 0 39.0
901 0 45.0
903 0 39.0
904 0 39.0
906 0 42.0
910 0 33.0
911 0 36.0
912 0 45.0
913 0 42.0
915 0 42.0
916 0 42.0
918 0 39.0
919 0 45.0
922 0 46.5
929 0 45.0
932 0 34.5
934 0 45.0
935 0 33.0
936 0 39.0
938 0 45.0
942 0 45.0
944 0 33.0
945 0 42.0
947 0 48.0
948 0 45.0
950 0 42.0
951 0 42.0
952 0 33.0
953 0 36.0
954 0 39.0
955 0 36.0
958 0 43.5
959 0 39.0
960 0 39.0
968 0 45.0
969 0 42.0
970 0 45.0
971 0 42.0
972 0 48.0
973 0 42.0
974 0 36.0
975 0 42.0
977 0 33.0
979 0 48.0
982 0 36.0
987 0 42.0
988 0 39.0
989 0 36.0
991 0 36.0
992 0 39.0
993 0 45.0
995 0 42.0
997 0 45.0
