eventNumber true_vertex_X true_vertex_Y true_vertex_Z true_t0 true_dir_X true_dir_Y true_dir_Z true_energy true_track_length
0 -146.755 -101.777 7.44829 0 0.236121 -0.740699 -0.628977 10.511 0.0424298
1 138.07 -143.906 -34.4856 0 -0.662914 -0.597813 -0.450737 10.511 0.0337593
2 -87.272 16.629 -14.8973 0 -0.166032 0.743037 -0.648329 10.511 0.0338882
3 -94.6811 145.879 -46.2315 0 0.22946 0.731326 -0.64227 10.511 0.0513411
4 27.2527 -29.2527 -146.065 0 -0.696044 -0.321252 -0.642121 10.511 0.0454486
5 34.043 121.692 -62.2027 0 0.393441 0.857012 -0.332769 10.511 0.0361338
6 -4.9684 -24.7219 -49.7192 0 0.475756 -0.414565 -0.775753 10.511 0.027648
7 120.48 -88.9075 83.1757 0 0.841885 -0.218429 -0.493476 10.511 0.0442135
8 -68.712 -148.822 129.512 0 0.985291 -0.142164 0.0948235 10.511 0.0515811
9 -91.2537 52.9872 8.14304 0 -0.608013 -0.605553 -0.513444 10.511 0.0429697
10 123.34 184.249 -9.6313 0 -0.528586 -0.796338 0.294012 10.511 0.044257
11 -45.5667 171.574 109.905 0 -0.386012 -0.104947 0.916505 10.511 0.0287148
12 117.708 -132.172 0.623007 0 -0.564619 -0.470312 0.678242 10.511 0.0363478
13 82.8931 186.279 -47.5697 0 0.910597 0.389814 -0.137324 10.511 0.0448437
14 75.262 -29.3973 -39.1464 0 -0.418611 0.28601 -0.861953 10.511 0.048779
15 85.6161 149.887 61.0704 0 -0.747193 -0.649855 0.139252 10.511 0.0456754
16 66.7718 -104.891 -92.1393 0 -0.758705 0.475297 -0.445488 10.511 0.0474978
17 -84.6315 -131.175 -51.293 0 0.155652 -0.80763 -0.568777 10.511 0.036067
18 112.106 -137.15 -15.7698 0 -0.462603 0.61463 -0.638928 10.511 0.0144694
19 44.659 163.323 -39.5812 0 0.771092 0.339539 -0.538638 10.511 0.0317869
20 -46.3321 -128.181 91.2159 0 0.872399 0.345235 -0.346025 10.511 0.0290255
21 -51.0567 -157.079 41.3123 0 0.134747 0.41763 0.89857 10.511 0.0357283
22 -97.4164 171.442 105.562 0 -0.864324 -0.40025 -0.304539 10.511 0.0495612
23 -73.2982 118.516 -72.1492 0 -0.37234 0.479329 -0.794737 10.511 0.0460735
24 -139.718 78.8538 -10.4064 0 -0.439151 0.637373 0.633169 10.511 0.0421584
25 128.557 115.084 -25.8885 0 0.712567 0.688069 -0.137146 10.511 0.0298931
26 -25.9623 36.942 -73.4089 0 -0.490797 -0.648845 0.58148 10.511 0.0414158
27 94.1792 167.137 33.9137 0 -0.185355 -0.938641 0.290856 10.511 0.044588
28 45.4284 170.86 112.229 0 -0.548137 -0.795567 -0.258108 10.511 0.0384207
29 -21.5534 187.729 -38.0253 0 0.893724 -0.40334 0.196404 10.511 0.0278197
30 -81.951 14.431 14.7501 0 0.305928 0.744065 0.593949 10.511 0.0430514
31 -11.4345 -25.9716 -119.794 0 0.677235 0.622068 -0.392918 10.511 0.0284563
32 -72.3318 60.9922 -119.528 0 0.973715 0.102784 0.203261 10.511 0.0453229
33 62.9972 189.558 66.7039 0 -0.356005 0.928797 0.102944 10.511 0.0371595
34 34.9062 -119.046 -98.9676 0 0.866663 -0.477751 -0.1437 10.511 0.0598389
35 -13.2483 -127.551 -123.303 0 -0.730013 0.666087 -0.153003 10.511 0.0335333
36 -132.604 -194.497 29.6242 0 0.486438 -0.0685797 0.871019 10.511 0.0372414
37 -43.3206 -109.578 -68.0256 0 0.754705 -0.588728 -0.289517 10.511 0.0393918
38 21.3864 154.112 136.461 0 0.218688 0.382262 0.897804 10.511 0.0486005
39 -3.49404 111.843 138.112 0 0.662243 -0.486568 0.569812 10.511 0.0193944
40 137.057 -82.4312 -12.1913 0 0.6021 -0.330308 -0.726892 10.511 0.0415555
41 -33.9799 7.19246 -73.9879 0 0.124898 -0.82942 -0.544484 10.511 0.0425641
42 -13.3796 -92.1964 117.013 0 0.579674 0.797866 0.165494 10.511 0.0380476
43 -139.574 -167.165 5.16131 0 -0.736088 -0.0191488 0.676615 10.511 0.0246503
44 83.1083 -137.332 -36.6271 0 -0.389849 0.898417 -0.202149 10.511 0.0341434
45 -83.4103 -50.3003 -10.6669 0 0.46561 -0.629701 -0.621839 10.511 0.028914
46 44.7689 160.987 21.4653 0 -0.106392 0.955923 0.273665 10.511 0.044568
47 95.3801 158.333 11.8193 0 -0.416082 0.627906 0.65773 10.511 0.0394607
48 -68.1044 136.788 -31.2793 0 -0.344239 0.92717 -0.147836 10.511 0.0329222
49 -103.749 36.7551 -35.3939 0 -0.964936 0.253662 -0.0674877 10.511 0.0334789
50 -30.1794 153.004 -114.477 0 -0.0942879 0.973852 0.206695 10.511 0.0412791
51 -47.4056 3.19239 42.6185 0 -0.837846 0.21167 -0.5032 10.511 0.0250258
52 67.5127 -161.018 108.3 0 -0.241569 -0.725572 -0.644352 10.511 0.00847333
53 -79.3079 145.808 47.3038 0 -0.984318 0.162548 0.0685265 10.511 0.0530723
54 81.9062 -67.612 51.3113 0 -0.67944 0.595599 0.428513 10.511 0.0401396
55 134.005 154.555 55.035 0 0.546708 -0.699054 -0.460905 10.511 0.0492034
56 86.4671 -54.6941 6.13622 0 0.0959461 -0.603612 -0.791484 10.511 0.0416078
57 63.6078 185.364 62.0704 0 0.768655 -0.563818 -0.302123 10.511 0.0489975
58 83.1593 -107.067 2.92415 0 -0.402031 -0.840685 0.362794 10.511 0.0490194
59 -116.53 130.455 -1.15641 0 0.367776 0.843188 0.392141 10.511 0.0366048
60 119.485 87.699 10.2632 0 0.119446 -0.723282 0.680144 10.511 0.0475785
61 -5.52381 -37.4619 -101.132 0 0.811695 -0.44635 -0.376727 10.511 0.0407534
62 63.9103 153.016 -113.252 0 -0.570755 -0.582805 -0.578427 10.511 0.0498455
63 -26.0081 122.205 88.3836 0 0.830337 0.386287 0.401651 10.511 0.0357186
64 -75.9128 -88.622 11.9171 0 0.110874 0.947252 0.300701 10.511 0.041125
65 55.1557 70.3902 37.4817 0 -0.38848 0.274111 0.879742 10.511 0.0410773
66 -32.5646 -30.6347 -139.859 0 -0.931016 -0.322168 0.171512 10.511 0.0447571
67 -74.8033 43.9238 7.71607 0 -0.920135 -0.0122918 -0.391408 10.511 0.0484172
68 -4.14923 37.5385 -26.1384 0 -0.0626311 0.287036 0.95587 10.511 0.0437662
69 130.693 -26.8195 70.4134 0 0.302533 0.0285639 -0.952711 10.511 0.0450699
70 13.1929 4.65441 -96.9532 0 0.0155342 0.442578 -0.896595 10.511 0.0526638
71 -51.3302 -10.4569 -125.351 0 -0.102491 -0.988318 -0.112795 10.511 0.0418312
72 66.9418 33.8799 125.017 0 -0.594404 0.579705 -0.557338 10.511 0.039887
73 -57.4133 91.912 57.7298 0 0.730255 -0.432779 0.528612 10.511 0.0411671
74 1.18986 163.345 -31.4902 0 0.766103 -0.267978 -0.584187 10.511 0.0341521
75 -72.8361 9.11468 -68.5829 0 0.408547 0.613353 -0.675934 10.511 0.0488018
76 -119.005 123.079 1.69489 0 -0.100561 -0.315372 0.943625 10.511 0.0454804
77 76.2916 -81.857 44.5411 0 -0.164951 0.867859 0.468628 10.511 0.0402909
78 -72.3505 132.523 -109.649 0 0.887318 -0.436983 -0.14735 10.511 0.0338381
79 50.0899 14.9283 -104.738 0 0.195659 0.236532 -0.95172 10.511 0.0423754
80 7.00455 121.473 -11.5984 0 0.89464 0.299074 -0.331925 10.511 0.0452584
81 97.9013 -137.677 85.7598 0 0.262707 -0.72028 0.642013 10.511 0.0355007
82 85.0569 -52.826 -77.6659 0 -0.986902 -0.0154632 0.160581 10.511 0.0480679
83 -81.0535 -120.36 121.796 0 0.699125 0.137757 0.701603 10.511 0.0451678
84 -72.7027 -57.0013 64.9848 0 0.410459 0.500974 0.761937 10.511 0.0450871
85 59.9631 -188.596 46.7589 0 -0.791628 -0.516297 -0.326746 10.511 0.0382946
86 116.826 166.854 -7.70873 0 -0.28096 -0.632365 0.721925 10.511 0.0502553
87 67.7086 55.7947 -37.1581 0 -0.925837 0.374183 -0.0530295 10.511 0.0315399
88 -69.1575 128.579 -6.77223 0 -0.437632 -0.898728 -0.0276873 10.511 0.0374694
89 18.5489 15.9042 -54.2147 0 -0.961712 -0.0929521 0.257819 10.511 0.0429747
90 -19.2469 -72.9844 50.3752 0 -0.173103 0.826623 0.535472 10.511 0.0525181
91 4.60696 -111.038 24.7323 0 -0.405142 -0.272266 0.872772 10.511 0.0457041
92 -84.0418 16.355 48.9779 0 0.560276 0.791679 0.243588 10.511 0.0376473
93 34.9206 -11.6959 1.26307 0 -0.558044 0.816226 0.149537 10.511 0.0403234
94 41.0855 153.206 -4.9573 0 -0.456366 -0.613033 -0.644919 10.511 0.0422526
95 30.5382 -191.832 -37.7031 0 -0.151172 -0.301586 -0.941378 10.511 0.0294568
96 39.6256 -191.571 119.035 0 -0.0241154 0.740981 0.671093 10.511 0.0446505
97 76.419 188.334 27.314 0 -0.906756 -0.0472207 0.419004 10.511 0.0332474
98 138.512 -70.9034 37.4677 0 -0.34323 0.464056 0.816605 10.511 0.0296274
99 -18.2253 115.615 31.023 0 -0.916291 0.292963 0.273098 10.511 0.0427441
100 -8.68111 109.776 91.5178 0 0.742832 -0.206011 0.636994 10.511 0.0365303
101 102.917 111.212 -72.8521 0 0.470107 0.867153 -0.164453 10.511 0.0471726
102 80.851 157.906 -112.812 0 0.534595 -0.0214004 -0.844838 10.511 0.0460152
103 -7.00019 4.54564 16.2487 0 0.0367165 -0.989194 0.141943 10.511 0.0337118
104 4.68634 -94.6725 -119.099 0 0.636417 -0.23488 0.734714 10.511 0.0474293
105 -95.5153 -48.6468 23.1214 0 -0.17343 0.951268 -0.254974 10.511 0.0481293
106 -96.8703 86.4125 -64.9928 0 0.0540573 -0.318877 0.946253 10.511 0.0436134
107 123.313 109.14 65.1887 0 -0.609607 -0.792688 -0.00499833 10.511 0.0423022
108 -70.861 -150.899 -20.6071 0 0.852165 0.523144 -0.0115893 10.511 0.0567684
109 -26.9449 -194.567 -146.742 0 0.0432763 0.688314 -0.72412 10.511 0.0352664
110 129.534 -25.3824 68.4438 0 0.850262 -0.517098 -0.0983069 10.511 0.040566
111 -4.13906 73.1974 -129.794 0 0.746023 0.66042 0.0854127 10.511 0.0501939
112 50.3131 -152.605 59.8536 0 -0.177298 -0.946313 0.270292 10.511 0.0677717
113 -87.2487 149.375 63.3295 0 -0.00731242 -0.993947 -0.109614 10.511 0.0370068
114 99.3176 -145.16 0.481039 0 -0.819358 -0.490019 -0.297547 10.511 0.0384699
115 -130.809 170.003 25.7864 0 -0.147172 -0.846577 0.511515 10.511 0.0489753
116 -101.854 -147.618 48.6656 0 0.655859 -0.746938 0.109237 10.511 0.0506858
117 -39.8926 63.2893 123.114 0 -0.672933 0.733179 0.0980264 10.511 0.0500384
118 76.0212 160.651 -97.4553 0 -0.754133 0.518865 0.402571 10.511 0.0532381
119 61.5706 190.116 38.2763 0 -0.0673249 0.221845 -0.972755 10.511 0.0440649
120 35.4661 -37.258 98.9761 0 0.260172 -0.0719549 0.962877 10.511 0.031497
121 -18.4481 110.317 108.663 0 -0.334283 0.838833 0.429668 10.511 0.051958
122 -5.80714 159.745 -88.4449 0 0.907118 -0.372559 -0.195799 10.511 0.043967
123 54.7675 147.451 66.8987 0 -0.382233 0.888471 0.254003 10.511 0.032301
124 134.609 -45.7176 -17.107 0 -0.956221 0.248199 0.155043 10.511 0.0402148
125 140.27 49.8591 -16.8267 0 0.733878 0.676253 0.0640601 10.511 0.0452248
126 46.0593 -82.2622 106.206 0 0.935612 0.261674 0.236975 10.511 0.0489559
127 65.2612 -47.145 -82.8269 0 -0.686798 0.59239 0.421169 10.511 0.0400873
128 79.485 -82.3709 -113.9 0 -0.682154 0.569258 0.458923 10.511 0.0354847
129 110.415 -183.387 -17.1735 0 -0.550349 -0.172706 0.816877 10.511 0.0378663
130 -3.74481 -95.2697 58.4106 0 0.321584 0.761295 0.56304 10.511 0.0398125
131 15.5925 26.8857 -13.1729 0 0.809339 0.114022 0.576168 10.511 0.0405836
132 -24.335 -70.3875 -91.1831 0 0.505203 0.591401 0.628502 10.511 0.0446779
133 -5.2748 -9.91551 31.3139 0 -0.785299 0.46429 0.40956 10.511 0.0222188
134 24.9687 -58.355 -85.2643 0 0.759943 -0.443163 -0.475493 10.511 0.0485445
135 78.8097 27.4737 -94.0799 0 -0.684111 -0.200282 0.701341 10.511 0.0228921
136 57.1792 174.709 114.216 0 0.221419 0.129391 0.966556 10.511 0.0379507
137 -121.853 -75.778 -45.9185 0 0.618126 -0.627636 -0.473279 10.511 0.0432132
138 87.9318 135.131 21.3567 0 0.536572 -0.635157 -0.555577 10.511 0.0205473
139 -31.117 127.893 -102.937 0 -0.919972 -0.343724 0.188431 10.511 0.0422197
140 11.975 -96.155 -40.4769 0 0.534883 -0.841903 -0.071417 10.511 0.038792
141 -100.631 -153.989 -2.67852 0 -0.360808 -0.106336 -0.926558 10.511 0.0421483
142 90.3463 -12.7199 -33.1022 0 -0.749875 0.471043 -0.464549 10.511 0.0393093
143 34.5297 115.794 42.6041 0 -0.00848237 -0.327975 -0.944648 10.511 0.0405962
144 38.8511 5.87942 -74.3524 0 0.484226 -0.292505 0.824601 10.511 0.0397941
145 96.9316 -4.54972 81.9994 0 -0.13512 -0.721413 -0.679195 10.511 0.042458
146 133.63 -108.196 44.3457 0 -0.801636 -0.358193 -0.478621 10.511 0.0349168
147 28.4479 -44.3363 68.4317 0 -0.465856 -0.786624 -0.405217 10.511 0.0492224
148 -134.106 103.667 -36.402 0 0.666408 -0.131214 -0.733951 10.511 0.041288
149 119.454 -18.1055 86.7227 0 0.636473 0.446014 0.629264 10.511 0.0475274
150 -61.9279 -188.644 19.7673 0 -0.372293 -0.776502 0.508372 10.511 0.0420036
151 1.38777 -146.203 18.2844 0 0.410191 -0.86722 -0.282264 10.511 0.124631
152 74.8895 -36.6334 58.9247 0 0.592383 -0.239088 0.769363 10.511 0.0361212
153 -22.8011 15.4619 147.941 0 0.969446 0.235761 -0.0677541 10.511 0.0485792
154 -131.108 -132.411 -30.9866 0 0.291953 0.506993 0.811 10.511 0.0293956
155 1.93981 84.2194 46.8381 0 -0.470726 -0.876112 0.104135 10.511 0.0439264
156 7.52855 111.565 -105.685 0 -0.391056 0.249707 0.885845 10.511 0.0458273
157 -126.027 -166.792 -16.5424 0 -0.783806 0.300104 0.543677 10.511 0.00472861
158 -121.471 157.137 -15.7894 0 -0.795906 -0.0523057 -0.603157 10.511 0.0475892
159 103.578 139.727 59.7678 0 0.204689 0.891256 -0.404679 10.511 0.0413177
160 94.1658 165.003 52.3833 0 -0.486416 -0.746906 -0.453355 10.511 0.0261334
161 148.142 -177.697 -18.6323 0 0.918975 0.0169172 0.393952 10.511 0.0361323
162 74.5521 160.696 -54.518 0 -0.260539 0.426825 0.865991 10.511 0.0313124
163 -146.963 -83.8841 -3.93725 0 -0.7134 -0.189163 -0.674743 10.511 0.0423954
164 119.932 -152.335 -61.9718 0 -0.349429 0.28066 0.89394 10.511 0.0230672
165 -80.8521 79.7003 -15.115 0 0.459101 0.519974 0.720315 10.511 0.0385441
166 79.7924 73.2101 -114.383 0 0.124225 -0.901923 0.413645 10.511 0.033648
167 134.205 -31.8388 2.1765 0 0.425459 -0.658194 0.6211 10.511 0.0250594
168 -103.763 11.4497 7.96273 0 -0.243427 0.317195 -0.916587 10.511 0.0519467
169 65.2697 -101.069 -39.8402 0 -0.34286 0.25279 0.904734 10.511 0.0474013
170 57.1853 57.4942 122.331 0 -0.670787 -0.170046 -0.721893 10.511 0.0294259
171 -62.1903 183.505 92.9241 0 -0.822932 0.310667 -0.475677 10.511 0.0527143
172 30.4459 -90.1681 44.6337 0 -0.438016 0.277214 -0.855158 10.511 0.0385513
173 -39.0669 107.745 12.2535 0 -0.386409 0.0597353 0.920391 10.511 0.0414719
174 -30.7756 -43.7575 -1.02923 0 -0.296381 -0.901097 0.316516 10.511 0.0499603
175 -23.2169 2.27776 8.51613 0 -0.331016 -0.769385 0.546329 10.511 0.0428255
176 6.97571 61.7953 -62.8484 0 -0.0498415 0.480638 0.875502 10.511 0.029114
177 13.0082 -122.821 51.2013 0 -0.459231 0.39536 -0.795485 10.511 0.0450591
178 -73.9916 -106.641 44.887 0 -0.864029 0.433628 -0.255773 10.511 0.028694
179 -30.6524 -26.5889 14.2474 0 -0.91733 0.0464649 0.395406 10.511 0.0426878
180 -15.5364 31.0112 -136.812 0 -0.117673 -0.490454 -0.863486 10.511 0.0274965
181 94.0089 -159.717 107.776 0 0.841234 -0.0750777 -0.535434 10.511 0.0500802
182 88.7497 178.525 -118.501 0 -0.295849 0.777073 0.555545 10.511 0.0414827
183 34.1634 23.0123 128.184 0 0.20963 0.469815 -0.857513 10.511 0.0335339
184 -33.5544 -189.429 -109.098 0 0.867029 -0.317952 -0.383623 10.511 0.0377413
185 -78.8886 -50.327 111.013 0 -0.286288 -0.873643 0.39343 10.511 0.0470291
186 -79.9709 134.963 -19.5223 0 0.151146 -0.188302 0.970411 10.511 0.0268839
187 -54.4438 -57.7537 132.394 0 0.0533006 -0.992701 -0.108186 10.511 0.0470575
188 1.64745 46.3766 -24.4112 0 -0.329292 0.661563 0.673722 10.511 0.0368745
189 2.41165 186.678 93.175 0 0.541183 0.821706 -0.178662 10.511 0.0361975
190 -44.9117 -153.021 -2.52564 0 0.255726 0.922802 -0.288167 10.511 0.0367674
191 36.2462 182.351 142.329 0 0.522925 0.324606 0.78815 10.511 0.0274444
192 96.6196 -34.8717 -105.294 0 0.303691 0.911881 -0.276124 10.511 0.0351297
193 -132.618 173.796 -13.601 0 0.278905 0.954486 0.105676 10.511 0.0447617
194 21.0041 -156.231 65.198 0 0.736337 -0.426088 -0.525602 10.511 0.0387414
195 41.5488 -154.74 -82.4581 0 0.870179 0.489598 0.0555149 10.511 0.0406995
196 -52.1207 132.97 -92.7091 0 -0.797212 -0.511972 0.319902 10.511 0.039316
197 22.6808 80.6099 -135.129 0 0.739289 -0.394659 0.545616 10.511 0.0430055
198 -126.5 189.243 -77.024 0 -0.455527 -0.885966 -0.0869423 10.511 0.0420538
199 73.3355 -19.0144 89.6701 0 0.0128205 -0.577881 0.81602 10.511 0.0329154
200 -99.4551 146.16 -43.0076 0 0.911505 -0.288035 0.293588 10.511 0.0286102
201 -107.547 -66.227 68.8379 0 0.148707 0.0322517 0.988355 10.511 0.0429182
202 -68.917 71.5094 21.5832 0 -0.900817 -0.0622019 -0.42972 10.511 0.0517054
203 98.678 50.1166 67.1663 0 -0.592637 0.804033 -0.0480769 10.511 0.04046
204 -43.8533 98.9991 95.3868 0 -0.0622326 -0.900644 0.430079 10.511 0.0731121
205 81.1481 -130.976 36.4242 0 0.798018 0.135475 -0.587209 10.511 0.0395685
206 -134.361 -117.126 -47.9041 0 -0.682549 0.69619 -0.222368 10.511 0.0352811
207 44.604 -136.282 11.3528 0 0.213596 -0.778865 0.5897 10.511 0.040493
208 38.8057 117.106 -36.9242 0 0.427191 -0.746475 0.510179 10.511 0.0427228
209 77.9517 21.7375 -85.7744 0 -0.696393 -0.609985 0.378093 10.511 0.034209
210 12.3236 150.765 -128.946 0 0.525227 0.495024 -0.692162 10.511 0.0161836
211 89.406 34.5448 91.8591 0 0.080781 0.490832 0.867501 10.511 0.0329233
212 20.9186 -47.411 38.1967 0 -0.53273 0.639395 0.554411 10.511 0.0455822
213 -125.615 -138.339 -7.24551 0 0.819513 0.450615 0.35404 10.511 0.0474297
214 -84.0432 -160.576 -51.2194 0 0.655376 0.617329 0.435186 10.511 0.0390972
215 7.4425 120.307 64.0193 0 0.766578 -0.600063 0.228656 10.511 0.0283978
216 -56.2593 158.786 72.1848 0 0.4281 0.86182 0.272022 10.511 0.0376856
217 45.7535 171.735 120.05 0 -0.490279 -0.56123 0.666819 10.511 0.0453348
218 -6.90769 -124.834 9.80865 0 -0.711873 0.686062 -0.150189 10.511 0.0427344
219 55.1305 177.329 -62.7548 0 -0.689147 -0.667963 -0.280895 10.511 0.0291547
220 -83.7113 -41.8604 -27.3552 0 0.941027 -0.221194 0.256009 10.511 0.0438147
221 -49.2297 60.9275 44.0285 0 0.711062 0.136626 -0.689727 10.511 0.0386532
222 135.16 -53.0062 -63.3624 0 0.268162 -0.51881 -0.811742 10.511 0.0426744
223 -48.8657 31.4836 54.2581 0 -0.261487 0.869346 -0.419359 10.511 0.0429833
224 127.806 1.50474 -44.9299 0 -0.259568 0.932327 -0.251776 10.511 0.037789
225 63.0806 -152.168 6.01786 0 -0.856556 0.316786 0.407381 10.511 0.0410611
226 -28.7049 -99.311 -126.567 0 -0.214351 -0.845468 0.489119 10.511 0.0297035
227 62.5273 169.576 -114.496 0 -0.542007 -0.554148 -0.631782 10.511 0.0423137
228 117.949 -126.731 -54.4066 0 -0.780019 -0.258657 0.569795 10.511 0.0408752
229 -71.8307 -95.1439 85.9165 0 0.728227 0.0977698 0.678327 10.511 0.0350005
230 49.5588 -131.406 -90.9778 0 -0.518842 0.772485 0.366156 10.511 0.0354706
231 -58.439 -44.6318 -137.041 0 -0.0139231 -0.942031 0.335237 10.511 0.0319651
232 -131.412 10.3413 4.5505 0 -0.596208 0.284732 -0.750642 10.511 0.0177295
233 128.719 61.0151 64.3899 0 0.210451 -0.501339 0.839267 10.511 0.0481159
234 30.9216 -126.633 61.2968 0 -0.946214 -0.212843 0.243673 10.511 0.0517781
235 -8.41085 -188.879 94.9185 0 0.739811 0.426597 0.520283 10.511 0.0364408
236 -47.073 152.696 -122.608 0 0.53427 0.110709 0.838033 10.511 0.0352968
237 -144.846 -133.186 -38.0216 0 0.23282 -0.869123 -0.436371 10.511 0.0371754
238 -14.1005 16.8321 -142.896 0 -0.325848 0.876356 -0.354716 10.511 0.0471445
239 -105.786 51.3788 -93.0246 0 0.444726 0.447114 -0.776085 10.511 0.0437962
240 -79.8478 -164.263 -21.6956 0 -0.0535766 0.79802 -0.600245 10.511 0.02917
241 51.0752 78.2646 83.7111 0 -0.856947 0.172643 0.48563 10.511 0.0364926
242 -20.1351 49.3504 -69.8892 0 -0.16002 -0.148543 -0.975873 10.511 0.0369125
243 -108.212 167.048 -89.9714 0 0.959637 -0.0669586 0.273154 10.511 0.0498704
244 -37.2862 186.667 -3.43284 0 -0.579074 0.666784 -0.469119 10.511 0.0403434
245 -87.0179 106.838 60.4147 0 0.598452 -0.544074 0.58808 10.511 0.0561078
246 43.7598 -64.6302 -74.3203 0 -0.0371019 0.492983 -0.869247 10.511 0.0517299
247 18.0728 73.2378 -67.5609 0 -0.308681 -0.365077 -0.878314 10.511 0.0498376
248 51.5496 -33.4121 -8.53565 0 -0.439783 -0.729186 -0.524289 10.511 0.0403744
249 92.3414 -116.499 102.005 0 -0.216457 0.665158 -0.71464 10.511 0.0399991
250 40.0097 129.48 30.1941 0 0.719993 0.605865 -0.338434 10.511 0.0469466
251 80.584 -184.249 -28.6212 0 0.813004 -0.0106088 0.582162 10.511 0.0408198
252 99.0933 93.7471 -83.7064 0 0.118322 0.970368 -0.210677 10.511 0.0408122
253 -54.859 -98.9599 136.166 0 -0.287866 -0.789403 -0.542196 10.511 0.0413351
254 139.762 -93.5987 45.3146 0 0.430367 0.181023 0.884316 10.511 0.0415797
255 76.5453 -122.189 16.7405 0 0.815193 0.466793 0.342877 10.511 0.0462949
256 -92.5776 -142.838 24.7314 0 0.629695 0.686313 -0.363949 10.511 0.0384398
257 7.4817 13.6939 -3.05734 0 -0.451815 -0.869432 0.199876 10.511 0.0475974
258 -62.5287 187.714 -4.77267 0 0.677346 0.682388 -0.274862 10.511 0.0464589
259 63.6091 -38.1443 61.6347 0 -0.659163 0.611686 -0.437429 10.511 0.0489374
260 43.1491 -168.336 4.40465 0 0.49615 0.556766 0.666218 10.511 0.0423559
261 -7.29679 182.059 -112.371 0 0.0683616 -0.0597485 0.99587 10.511 0.0487976
262 4.1115 -166.191 57.0416 0 -0.174291 0.518812 0.836933 10.511 0.00636502
263 86.0307 59.5104 -30.8659 0 0.479716 0.289688 0.828223 10.511 0.0291843
264 46.6527 -112.201 -45.9851 0 0.194308 -0.944221 -0.265879 10.511 0.0403532
265 -22.0743 50.5341 42.8947 0 -0.430258 0.876415 0.216276 10.511 0.0448152
266 -79.4786 -126.004 20.9445 0 0.867779 0.348369 0.354398 10.511 0.0480131
267 18.8901 25.3191 -32.0363 0 -0.0312901 0.33763 -0.940759 10.511 0.0415258
268 75.8232 106.325 -19.2381 0 0.305372 0.584254 0.751928 10.511 0.0541731
269 66.0476 -65.1665 -131.434 0 0.959398 0.155206 0.235512 10.511 0.0505101
270 104.654 -53.9719 -39.7827 0 -0.217419 -0.942476 -0.253905 10.511 0.0465055
271 -5.10256 4.60148 127.996 0 -0.303208 -0.765571 0.56742 10.511 0.0563198
272 54.5466 158.916 72.0671 0 -0.0766735 0.907549 0.412887 10.511 0.0319597
273 -75.548 -90.6915 65.5499 0 -0.174314 -0.851346 -0.494797 10.511 0.0427872
274 -13.6121 106.754 85.2816 0 0.213427 0.167858 -0.962431 10.511 0.0330049
275 -36.6632 -112.819 135.114 0 -0.704821 -0.698016 -0.126497 10.511 0.029485
276 -48.3064 141.929 -61.4779 0 0.247453 0.180432 0.951951 10.511 0.100207
277 -61.1632 -114.964 119.299 0 0.192573 -0.949042 -0.249469 10.511 0.0307409
278 -82.2711 60.6498 -7.54237 0 -0.449468 0.656916 0.605343 10.511 0.0433789
279 -46.3341 105.019 -57.9836 0 0.840215 -0.53048 -0.112381 10.511 0.0504253
280 113.372 101.582 -56.244 0 0.589218 0.677586 0.440113 10.511 0.0411829
281 -39.0832 -167.353 -37.4002 0 0.835492 -0.537213 -0.115567 10.511 0.0313054
282 90.6168 69.5666 40.7353 0 -0.071776 -0.758205 0.648054 10.511 0.0419831
283 78.7238 -93.7621 126.162 0 -0.308155 -0.101967 0.945856 10.511 0.0495919
284 6.6108 -82.9873 -51.162 0 0.367984 0.857101 -0.360508 10.511 0.0446281
285 12.6776 -22.8023 2.5635 0 0.498681 -0.840882 0.210322 10.511 0.0442764
286 121.796 77.526 -59.9277 0 0.128538 -0.74583 -0.653618 10.511 0.045183
287 -47.5963 -95.1305 120.424 0 -0.473569 0.000775042 -0.880756 10.511 0.0331132
288 -35.2225 51.2426 -57.163 0 0.585049 0.714213 -0.38421 10.511 0.0503475
289 -73.9928 -72.6878 -122.637 0 0.888452 0.0133063 0.458776 10.511 0.0386828
290 112.014 163.726 -95.7289 0 0.567573 -0.808639 0.154802 10.511 0.0291312
291 15.4176 55.2264 -49.7655 0 0.0986916 0.278884 0.95524 10.511 0.0381606
292 -97.8313 88.21 -5.9934 0 0.102791 0.490047 0.865614 10.511 0.0367724
293 -35.4526 -162.205 104.191 0 0.599855 -0.500231 -0.624455 10.511 0.0453786
294 40.9927 -107.975 -126.531 0 0.560269 0.819323 -0.121694 10.511 0.0414565
295 61.7235 -91.703 72.3505 0 0.457266 -0.688641 -0.562744 10.511 0.0416755
296 -98.7507 -109.772 23.677 0 0.514284 0.553141 -0.655399 10.511 0.0776078
297 -119.244 -11.9309 -89.0919 0 0.766124 -0.409781 -0.49511 10.511 0.0451682
298 -44.4722 151.888 108.698 0 0.544874 -0.830313 -0.117018 10.511 0.0102552
299 42.4428 8.31116 7.12441 0 0.537575 0.688662 0.486578 10.511 0.0459411
300 -39.1138 -35.7369 -29.2655 0 0.982467 0.182948 0.0358933 10.511 0.0469975
301 29.8415 171.383 -70.4801 0 -0.652076 -0.736002 0.181928 10.511 0.0407244
302 57.5821 -54.2292 -14.8889 0 -0.569895 -0.81658 0.0917419 10.511 0.0467624
303 127.966 -134.661 -55.1119 0 -0.982242 -0.152366 0.109481 10.511 0.043889
304 47.1364 35.8304 29.2589 0 -0.291311 -0.922321 -0.253892 10.511 0.0457394
305 64.0802 160.104 -108.863 0 0.420326 -0.101341 -0.901696 10.511 0.0455456
306 25.1583 -159.08 63.6415 0 -0.188212 0.830248 -0.524657 10.511 0.0487729
307 36.052 -66.3132 -130.692 0 0.603174 -0.793221 -0.0835592 10.511 0.046071
308 -123.088 53.5656 -58.062 0 0.922153 0.105981 0.372023 10.511 0.0461727
309 -58.3995 -82.2417 21.7102 0 0.00599006 -0.673464 -0.739196 10.511 0.0424429
310 -43.8915 26.0165 103.245 0 -0.933851 -0.123977 0.335486 10.511 0.0412878
311 7.09568 -35.7999 126.044 0 0.741815 -0.648949 -0.169045 10.511 0.0434589
312 9.00114 134.94 33.7277 0 -0.131485 -0.83993 0.526526 10.511 0.035575
313 -31.528 -75.7525 90.937 0 0.717879 -0.499594 -0.484825 10.511 0.0327884
314 148.276 66.1897 -4.12028 0 0.904481 0.0916215 -0.416556 10.511 0.044834
315 -92.5426 101.664 -64.2758 0 0.0476162 -0.501502 -0.863845 10.511 0.0471086
316 24.4898 6.86327 132.806 0 -0.424154 0.85969 -0.284651 10.511 0.0291709
317 -0.502896 -140.088 19.7246 0 -0.030894 -0.499934 0.865512 10.511 0.036178
318 -45.3775 -78.7304 22.0852 0 0.809439 -0.328515 -0.48671 10.511 0.037687
319 -43.8658 -193.875 55.7489 0 0.504766 0.221095 0.834463 10.511 0.0359237
320 90.2073 -14.744 3.04749 0 -0.345515 0.806777 -0.479302 10.511 0.051053
321 -66.6321 -136.098 -92.8003 0 -0.49734 0.676609 0.543004 10.511 0.0194399
322 -61.0981 -128.207 -26.3659 0 -0.560034 -0.67309 -0.483024 10.511 0.0488746
323 -22.955 124.404 -29.1085 0 -0.525814 -0.777788 0.344333 10.511 0.0509213
324 -8.74397 -1.3895 -53.1198 0 -0.179899 -0.982388 -0.0505004 10.511 0.0365507
325 -109.651 -188.304 58.1347 0 -0.791508 -0.606486 0.0754274 10.511 0.0454992
326 83.4722 75.6311 97.6467 0 0.249843 -0.178358 0.951718 10.511 0.0160738
327 79.7693 -49.6593 -13.3384 0 -0.307945 -0.740325 -0.597569 10.511 0.0430463
328 -25.4167 -190.961 28.6824 0 -0.079456 0.696058 -0.713576 10.511 0.0339614
329 14.308 -55.4033 -55.4169 0 0.64029 -0.50195 -0.581443 10.511 0.0484927
330 18.4675 167.697 -23.1676 0 0.511227 0.109878 -0.852393 10.511 0.0334816
331 -128.759 154.939 19.241 0 -0.586657 0.594948 0.549428 10.511 0.0121135
332 34.3146 -16.0335 -17.9155 0 0.846712 -0.365232 -0.38689 10.511 0.03154
333 118.036 -99.4494 -62.3121 0 -0.803681 0.201584 0.559875 10.511 0.0449824
334 110.616 -100.638 64.6383 0 -0.37144 -0.716129 -0.590925 10.511 0.0476447
335 1.35371 185.57 -106.79 0 -0.501505 0.314041 0.806146 10.511 0.0416475
336 -80.8431 -177.166 -84.3429 0 0.0739617 0.909312 -0.40949 10.511 0.0475829
337 -69.8019 194.697 80.6333 0 -0.804091 0.22075 0.552003 10.511 0.039104
338 62.1366 124.574 -132.981 0 -0.295975 -0.262107 0.918531 10.511 0.0511307
339 49.1071 -58.5159 -130.331 0 -0.341588 -0.427022 -0.83724 10.511 0.0371801
340 35.2684 82.2142 -7.6334 0 0.993858 -0.0439874 0.101548 10.511 0.0435423
341 63.3049 118.011 65.3592 0 -0.0603323 -0.126739 -0.9901 10.511 0.0374754
342 -86.1429 14.9213 119.016 0 0.562059 -0.496857 -0.661228 10.511 0.0413756
343 -47.514 -74.9563 14.8915 0 0.116691 0.434186 -0.893233 10.511 0.0463328
344 -126.268 118.172 -73.2187 0 -0.547683 -0.829941 0.106022 10.511 0.0477093
345 -66.309 66.4505 -120.201 0 -0.163375 -0.973814 -0.158096 10.511 0.0396243
346 68.0421 144.674 86.615 0 -0.218879 -0.879347 -0.422896 10.511 0.0434982
347 -103.413 51.4591 -71.0639 0 0.330684 0.877283 -0.347883 10.511 0.0289841
348 125.41 -74.7009 66.292 0 0.287938 0.459397 -0.840266 10.511 0.0349213
349 111.988 21.0602 26.4821 0 0.625856 0.567306 0.535227 10.511 0.0471702
350 -29.2966 -133.782 -67.0906 0 -0.702746 0.609403 -0.367119 10.511 0.0363762
351 125 64.6282 -1.74754 0 0.20761 0.843998 -0.494535 10.511 0.0428346
352 -15.4144 165.887 -98.1524 0 0.726902 -0.495703 0.475281 10.511 0.0287427
353 76.9224 25.9468 -12.3128 0 0.689408 0.600955 -0.404437 10.511 0.0512766
354 -34.2416 -137.006 1.36835 0 0.275221 0.720067 -0.63699 10.511 0.0382665
355 -59.131 -142.974 57.9176 0 -0.480164 -0.450744 0.752511 10.511 0.0449631
356 -97.2947 -87.8848 89.5475 0 0.86525 -0.307443 -0.396006 10.511 0.0545516
357 32.4886 -134.627 22.8758 0 0.721352 0.633007 0.280987 10.511 0.0519863
358 70.9021 85.0313 -91.9853 0 -0.144736 -0.621315 -0.770078 10.511 0.0311073
359 -44.2276 -172.068 47.9288 0 -0.612975 -0.736652 -0.285665 10.511 0.0368502
360 -20.2726 74.4246 -129.718 0 -0.433542 0.90052 0.0332296 10.511 0.0524823
361 9.42954 157.493 101.412 0 -0.135865 0.2702 0.95317 10.511 0.0347011
362 93.6408 3.04638 72.7723 0 0.619375 0.738382 -0.266773 10.511 0.0367598
363 -38.007 -137.328 -18.1731 0 0.843062 0.0160029 0.537578 10.511 0.0479695
364 75.8109 45.8558 77.0292 0 -0.765642 0.390964 -0.510823 10.511 0.0312681
365 -26.0947 60.1039 88.779 0 0.223523 0.883431 0.41181 10.511 0.0374967
366 13.1453 164.946 -61.7216 0 0.655955 -0.740532 -0.146066 10.511 0.0335648
367 -19.6108 0.872479 0.061026 0 -0.480651 0.511532 0.712256 10.511 0.0368146
368 -91.7359 -111.984 76.2795 0 0.617156 0.423189 0.663347 10.511 0.0322028
369 -19.2983 -103.35 10.4327 0 -0.721744 -0.369518 0.585271 10.511 0.0400445
370 64.1331 10.033 104.721 0 -0.766184 0.454401 -0.454401 10.511 0.0394203
371 135.148 135.048 21.2881 0 -0.984731 0.167664 0.0468338 10.511 0.030713
372 130.782 74.864 -49.671 0 0.731486 -0.24184 0.637527 10.511 0.0397609
373 -23.1579 -27.5948 137.235 0 0.271893 -0.529499 -0.803558 10.511 0.0423611
374 124.984 -177.305 -69.4523 0 -0.834456 0.527817 -0.158405 10.511 0.0492527
375 93.739 -8.88913 -78.3538 0 -0.26302 -0.955419 0.134144 10.511 0.035904
376 34.0331 177.225 101.386 0 -0.465965 -0.59 -0.659376 10.511 0.0477069
377 86.9793 114.658 105.113 0 -0.781988 -0.615404 0.0988522 10.511 0.0423875
378 75.8349 -85.1263 103.581 0 -0.948437 -0.0631746 -0.310606 10.511 0.0377639
379 86.6891 76.291 -37.7926 0 0.573139 0.491803 0.655471 10.511 0.0470218
380 -134.497 192.139 -56.7367 0 -0.435529 0.242491 0.866898 10.511 0.0390326
381 39.2635 -67.7496 -110.916 0 -0.549806 0.702206 0.452349 10.511 0.0279879
382 29.4354 -98.6265 -134.854 0 -0.724736 -0.679425 -0.114625 10.511 0.0407521
383 -13.3428 -42.0391 -12.3638 0 -0.615144 -0.672329 -0.41179 10.511 0.0342399
384 -119.843 -62.3284 27.33 0 0.870746 -0.0134961 -0.491548 10.511 0.0444149
385 -84.6336 -57.587 -2.58747 0 -0.626079 -0.759599 -0.176166 10.511 0.0405368
386 -57.4323 192.524 -12.6999 0 0.498533 0.689435 0.525493 10.511 0.037351
387 -84.2613 -125.685 -17.6887 0 0.523076 0.852201 -0.0120082 10.511 0.0424996
388 90.5369 -43.1669 -64.7635 0 0.534935 0.0466895 0.843602 10.511 0.0491488
389 -109.48 -182.539 94.2597 0 0.0547942 0.624704 0.778936 10.511 0.0478845
390 128.623 41.9107 -15.731 0 0.821224 0.289726 -0.491579 10.511 0.0244659
391 104.433 186.178 8.46889 0 0.910494 0.313185 -0.27003 10.511 0.0428148
392 66.3733 -138.915 -128.359 0 -0.825239 -0.0832981 -0.558607 10.511 0.0500873
393 10.859 96.1771 12.7828 0 -0.0760207 -0.138939 -0.987379 10.511 0.0419728
394 -76.5834 -117.342 70.3895 0 0.443538 -0.89619 -0.010847 10.511 0.0321757
395 -103.591 -47.1498 8.92599 0 0.108757 -0.726821 -0.678162 10.511 0.0440146
396 70.7075 -99.8035 -80.4273 0 -0.60377 -0.795227 0.0554695 10.511 0.0343283
397 -74.2262 29.4006 45.0186 0 0.101518 -0.615661 0.781444 10.511 0.04687
398 20.0695 -50.1523 107.192 0 0.721086 -0.0865461 0.687419 10.511 0.0421867
399 -9.48678 12.8093 -60.8601 0 -0.55998 -0.577444 -0.594122 10.511 0.0316056
400 -119.961 31.8865 -30.9497 0 -0.921384 -0.0724092 0.381849 10.511 0.0246448
401 34.9657 -64.2474 -32.3056 0 -0.999516 -0.0298868 0.00867832 10.511 0.050859
402 -13.6095 38.623 82.7275 0 0.268892 0.576169 0.771833 10.511 0.0407802
403 57.688 -194.83 33.3252 0 -0.0220421 -0.378204 -0.92546 10.511 0.0473641
404 135.483 -87.033 50.4909 0 -0.106402 -0.764091 -0.636273 10.511 0.0372101
405 123.4 -11.301 -9.5967 0 0.582898 0.798769 0.148989 10.511 0.033368
406 105.36 145.038 40.9779 0 -0.23832 -0.948611 0.208183 10.511 0.0502408
407 -125.888 5.65189 34.4694 0 -0.947607 0.198695 -0.250123 10.511 0.0333775
408 39.5744 102.832 -60.2647 0 -0.67249 -0.697362 -0.247879 10.511 0.0518024
409 -1.17631 179.473 28.6139 0 0.143033 0.965739 0.216541 10.511 0.0449971
410 -72.5259 145.997 12.4201 0 -0.122358 0.896226 -0.426388 10.511 0.0528178
411 22.3031 28.0766 71.7669 0 -0.834342 -0.499005 -0.234238 10.511 0.024722
412 -80.0376 -96.2752 -81.1198 0 0.281447 -0.296691 -0.912558 10.511 0.0473306
413 69.9558 62.7491 -74.2318 0 0.844047 0.468279 -0.261342 10.511 0.0370974
414 8.90045 5.75254 -149.091 0 -0.720214 -0.56649 -0.400476 10.511 0.0496733
415 -42.6427 -122.882 -21.4752 0 -0.780274 -0.617215 0.101084 10.511 0.0387423
416 126.729 53.1562 -58.9475 0 -0.406162 -0.482708 -0.775903 10.511 0.0404192
417 -72.3131 -14.4604 119.35 0 -0.392515 0.786576 -0.476686 10.511 0.0414123
418 45.0257 6.17713 -29.7361 0 0.0939429 -0.460487 -0.882681 10.511 0.0433489
419 96.3116 -103.792 -37.7081 0 -0.110272 -0.838784 -0.53318 10.511 0.0487155
420 -127.422 -5.22697 3.29709 0 0.491493 -0.858521 0.146203 10.511 0.0273557
421 -86.6412 -193.356 -69.9986 0 -0.115075 -0.216228 -0.969537 10.511 0.038279
422 138.767 82.6194 -25.7035 0 0.00941994 -0.966608 -0.256087 10.511 0.0400076
423 -56.741 58.9274 -110.681 0 -0.115065 0.286333 0.951196 10.511 0.0397835
424 103.864 -120.158 -107.459 0 0.540577 0.0637313 -0.838877 10.511 0.0287714
425 65.8244 -192.959 17.3965 0 0.110751 0.745494 0.657246 10.511 0.0379392
426 85.1158 -163.218 82.4108 0 0.472023 -0.78908 -0.393124 10.511 0.00280518
427 -74.2619 61.3402 -110.796 0 0.372056 0.901519 0.220994 10.511 0.0425342
428 2.47552 128.002 -145.81 0 -0.58248 -0.61481 -0.53172 10.511 0.0413534
429 141.719 182.755 29.776 0 0.731701 0.142246 0.666618 10.511 0.0343647
430 -30.2866 -70.6938 27.4151 0 -0.774238 -0.472818 -0.420712 10.511 0.0439834
431 77.2301 98.6377 68.9472 0 0.435238 -0.635515 -0.637721 10.511 0.0218275
432 15.0489 -33.6754 -112.453 0 0.813383 -0.53805 -0.221158 10.511 0.0309452
433 76.2146 178.369 93.3785 0 -0.710495 0.0169986 -0.703497 10.511 0.0389491
434 60.1832 -27.8183 -128.635 0 0.767239 0.592106 -0.246485 10.511 0.0531945
435 -57.3884 41.1787 -49.5341 0 -0.993058 0.0928259 0.0722436 10.511 0.0456311
436 117.541 51.3986 -3.19465 0 0.170863 0.610296 0.773527 10.511 0.0410458
437 -126.735 90.4696 30.4217 0 0.114721 0.362611 0.924853 10.511 0.0469649
438 115.891 -104.63 1.26502 0 0.148476 0.645723 0.748997 10.511 0.0440583
439 -89.7508 77.5614 19.5435 0 -0.101387 0.535806 -0.838232 10.511 0.0509982
440 100.98 -184.306 -42.2952 0 0.389513 -0.0378958 -0.920241 10.511 0.0371139
441 -66.0347 -89.5293 -132.941 0 -0.385548 -0.701806 -0.599017 10.511 0.0452329
442 -81.2662 -20.1293 -106.074 0 0.25156 -0.813727 0.523991 10.511 0.044596
443 10.5117 -41.6429 139.002 0 -0.652832 -0.38772 -0.650757 10.511 0.0304476
444 33.9626 -176.986 -58.397 0 -0.639574 -0.167453 -0.750269 10.511 0.038396
445 -81.4337 111.138 30.5245 0 0.75907 -0.604546 0.24153 10.511 0.0471741
446 39.2215 165.038 70.0301 0 -0.292906 -0.156792 0.943198 10.511 0.0408949
447 105.012 101.378 105.647 0 0.289008 -0.526943 0.799253 10.511 0.0280566
448 -129.904 164.406 44.4904 0 -0.103226 -0.992624 -0.063575 10.511 0.0278284
449 -77.5905 -187.831 89.7564 0 -0.346666 -0.937547 0.0287709 10.511 0.0419634
450 -1.9274 -43.7728 8.38454 0 0.66765 -0.606611 -0.431586 10.511 0.0396986
451 -97.3294 -0.861356 49.1576 0 -0.403578 0.650712 -0.643194 10.511 0.0142543
452 -76.797 -148.935 8.78048 0 -0.3063 0.227722 -0.924296 10.511 0.0405934
453 19.0384 114.3 -88.7203 0 -0.0167946 -0.367547 -0.929853 10.511 0.0478528
454 84.2548 134.261 30.3557 0 -0.980811 -0.178551 0.0782901 10.511 0.0306058
455 -7.64009 -37.2369 58.7445 0 -0.615179 -0.386477 -0.687161 10.511 0.0541566
456 -53.4221 103.635 73.121 0 0.82205 -0.302382 -0.482492 10.511 0.0393169
457 42.6107 -125.103 -90.3153 0 -0.272412 -0.641178 0.717414 10.511 0.04183
458 -94.8445 71.6497 -64.5898 0 -0.449869 0.450865 -0.770933 10.511 0.0340646
459 90.0934 110.065 101.293 0 0.111702 0.819383 -0.562259 10.511 0.0486026
460 -25.0284 169.646 15.9227 0 0.0620105 -0.951138 -0.302474 10.511 0.0483549
461 -115.751 -92.1118 -18.8131 0 0.68092 -0.632111 -0.369842 10.511 0.0303224
462 78.9042 110.341 -16.9579 0 0.625736 -0.409308 -0.664019 10.511 0.0539935
463 7.08956 152.376 142.631 0 -0.784625 -0.496254 -0.371612 10.511 0.028067
464 -82.8011 154.792 107.322 0 -0.379522 0.246758 -0.891669 10.511 0.0432681
465 -66.999 75.5134 79.8966 0 -0.931294 0.35434 -0.0844603 10.511 0.0349463
466 104.342 -25.6204 67.2067 0 0.372856 0.893401 -0.250624 10.511 0.0487462
467 58.5409 -189.094 80.6967 0 0.490082 0.459021 -0.741026 10.511 0.0498099
468 135.049 -37.0255 -15.5592 0 -0.468926 -0.329811 -0.81935 10.511 0.0435126
469 42.6942 96.4142 85.5776 0 0.488763 -0.170076 0.855678 10.511 0.0375174
470 -97.577 82.2696 42.3222 0 -0.87473 0.277955 -0.396974 10.511 0.0409746
471 -51.2017 79.0767 -124.222 0 -0.429677 0.712602 -0.554596 10.511 0.0406929
472 -54.5232 -63.716 -118.429 0 0.494841 -0.539261 0.681418 10.511 0.0405897
473 -100.537 -149.397 13.9128 0 0.492913 0.485183 -0.722242 10.511 0.042314
474 0.813174 34.3753 100.536 0 0.505197 -0.578115 -0.640749 10.511 0.0431506
475 97.2684 -111.735 46.53 0 -0.75819 0.0806361 0.647029 10.511 0.204105
476 -113.283 -168.504 -49.4326 0 -0.953744 -0.286153 0.0921377 10.511 0.0391611
477 33.8515 151.377 80.8347 0 0.85808 -0.497415 0.12758 10.511 0.0460792
478 64.3338 -51.3767 -16.0308 0 0.616892 0.370806 0.694224 10.511 0.0453639
479 24.7001 123.643 -32.1585 0 -0.983695 0.0361877 -0.176164 10.511 0.0447486
480 88.4887 82.1735 -83.5484 0 -0.450408 0.550601 -0.702831 10.511 0.0448145
481 58.7666 -64.5221 -62.0535 0 0.925605 0.370232 0.078642 10.511 0.0463399
482 117.305 -140.594 20.9851 0 -0.866181 0.22787 -0.444754 10.511 0.0442012
483 -35.0771 91.2417 -113.577 0 -0.631621 0.36456 -0.684216 10.511 0.0446989
484 -60.2676 -144.499 -95.0109 0 0.709519 0.632985 -0.309698 10.511 0.0329776
485 -78.3494 -66.6196 -95.2806 0 -0.960177 0.27917 -0.0111883 10.511 0.0287952
486 127.838 -97.8851 46.0675 0 -0.916869 0.0519162 -0.395797 10.511 0.0446988
487 132.342 -119.971 -15.6085 0 -0.858869 0.139766 0.492756 10.511 0.0330137
488 -87.1097 -157.165 65.7582 0 0.238162 0.338599 -0.910291 10.511 0.0469195
489 39.8184 -97.3248 -130.166 0 -0.948872 0.14437 -0.280711 10.511 0.0442188
490 -20.3173 166.571 -47.2617 0 -0.377119 -0.131341 0.916805 10.511 0.0412839
491 -13.9704 -160.814 -84.2542 0 -0.787603 0.00163321 0.616181 10.511 0.033505
492 144.51 -3.24119 25.1821 0 -0.273677 -0.677571 -0.682641 10.511 0.0470268
493 -114.061 -173.544 -79.9072 0 -0.149125 0.456143 0.877323 10.511 0.0444037
494 -39.7805 84.8155 -62.8486 0 0.506032 0.336767 0.794053 10.511 0.0468031
495 53.4752 176.631 115.73 0 -0.297362 0.931631 0.208899 10.511 0.0356255
496 -77.815 10.1029 70.1434 0 0.596368 0.801604 0.0421357 10.511 0.0374764
497 -125.255 99.2431 40.5268 0 0.49678 -0.609974 -0.617367 10.511 0.0501194
498 -139.765 -49.9141 14.673 0 -0.46673 -0.725402 0.505919 10.511 0.035917
499 -24.8945 -143.698 67.1658 0 0.503164 -0.496806 -0.707114 10.511 0.0356216
500 -9.45155 -162.792 -21.3876 0 0.809187 -0.359409 -0.464803 10.511 0.0219094
501 -22.1878 -10.2423 112.525 0 -0.137857 0.808849 0.571628 10.511 0.0442366
502 32.3812 -77.976 -33.8514 0 -0.702238 -0.625426 -0.340153 10.511 0.0436051
503 98.716 161.562 29.9197 0 -0.867572 0.386041 -0.313515 10.511 0.0361903
504 -100.005 74.8002 32.0015 0 -0.65075 -0.758323 0.0383481 10.511 0.0326057
505 44.1388 -86.0381 -3.40492 0 -0.796893 0.587709 -0.139853 10.511 0.0464411
506 0.430012 -9.98722 1.37188 0 0.0655606 0.87354 -0.482317 10.511 0.03157
507 81.1066 -184.439 -105.768 0 -0.209221 -0.754376 0.622208 10.511 0.0385119
508 26.0775 45.1243 -56.7584 0 0.355946 0.378572 -0.854392 10.511 0.039425
509 -123.786 147.951 40.7317 0 0.12737 0.973307 0.19092 10.511 0.0430925
510 126.47 41.4871 9.79827 0 0.798554 0.502081 -0.332003 10.511 0.0326025
511 -12.2053 122.669 -123.594 0 -0.225439 -0.915986 0.331883 10.511 0.0448203
512 -53.4646 158.63 -7.88593 0 -0.849514 -0.523211 -0.0676473 10.511 0.049854
513 32.0097 -110.086 -4.98014 0 0.281207 0.941685 -0.184804 10.511 0.0483898
514 -38.405 142.064 6.78797 0 -0.812259 -0.231815 -0.535254 10.511 0.0382073
515 -57.3759 -22.7219 106.863 0 0.564054 0.199312 -0.801323 10.511 0.0486603
516 71.2787 61.4022 74.1319 0 0.185037 -0.9266 -0.327375 10.511 0.043407
517 -45.555 -165.137 111.873 0 0.422052 -0.581797 -0.695258 10.511 0.0481289
518 116.167 112.655 -79.5833 0 -0.919042 -0.33377 -0.209664 10.511 0.0251338
519 126.366 86.6544 3.47018 0 -0.0122427 -0.999799 0.0158986 10.511 0.0288162
520 145.698 -166.371 34.2452 0 0.936803 0.297011 0.184888 10.511 0.0299823
521 -71.4717 -177.543 -76.2644 0 -0.809957 -0.465385 -0.356912 10.511 0.0325702
522 84.9093 -128.578 -64.2713 0 -0.0386662 -0.998898 -0.0265914 10.511 0.0455207
523 69.4267 -194.037 -44.4102 0 0.105882 0.942577 -0.316762 10.511 0.0405028
524 -47.5247 74.5644 -37.0049 0 0.617704 0.521514 -0.588612 10.511 0.0449887
525 89.6611 -113.628 -113.122 0 0.309351 -0.51534 -0.799204 10.511 0.0428648
526 63.0388 -151.889 -11.8272 0 -0.725462 -0.323303 0.607602 10.511 0.0377738
527 -74.4947 -187.129 81.296 0 0.453292 -0.348281 0.820504 10.511 0.0403776
528 72.0202 -113.8 91.5551 0 0.357203 -0.0952979 -0.929152 10.511 0.0484847
529 -28.8069 33.2739 48.4471 0 0.959034 0.211249 -0.188751 10.511 0.0380874
530 74.1042 -8.95908 -112.48 0 0.3197 -0.841611 -0.435297 10.511 0.0439032
531 3.97732 7.26715 43.1156 0 -0.273122 -0.93122 0.241315 10.511 0.0307322
532 -108.885 -184.146 -99.427 0 0.44943 0.893249 0.0109195 10.511 0.0484007
533 -141.249 -67.6834 17.9242 0 0.0822149 0.85786 0.507264 10.511 0.0380174
534 -30.3297 -132.523 121.388 0 0.817259 -0.426487 -0.387552 10.511 0.00372348
535 58.0964 51.792 -2.69756 0 -0.747237 -0.159742 0.645073 10.511 0.0439981
536 144.614 167.625 6.56022 0 -0.463735 -0.0443002 -0.884866 10.511 0.0445813
537 1.93613 -18.4844 -148.471 0 0.878462 -0.37428 -0.297019 10.511 0.0185755
538 -0.841767 32.2291 103.225 0 0.778464 -0.526526 0.341708 10.511 0.045139
539 -122.947 145.088 71.6453 0 0.0610182 -0.474401 0.878192 10.511 0.0324258
540 -17.1274 -140.755 -38.6728 0 0.00893232 -0.70804 -0.706116 10.511 0.0465719
541 -124.189 -47.8105 81.6643 0 0.884094 -0.351278 -0.30819 10.511 0.0370477
542 -87.6363 166.669 112.258 0 0.0572348 0.789948 -0.610496 10.511 0.0495509
543 65.133 18.2598 18.7936 0 0.987692 0.149583 -0.0457034 10.511 0.0231333
544 -27.4166 82.2337 -46.9821 0 0.0386187 0.468441 -0.88265 10.511 0.0428935
545 40.0192 -123.652 3.65954 0 -0.0272484 -0.0441354 -0.998654 10.511 0.0481028
546 41.9984 98.9584 -78.1201 0 -0.909306 -0.376649 -0.176913 10.511 0.0329457
547 11.794 102.506 55.2672 0 -0.66052 -0.67409 -0.330629 10.511 0.0377538
548 -87.9604 -128.091 -29.3409 0 0.670918 -0.730399 0.128012 10.511 0.028393
549 -4.24413 155.896 -86.5545 0 0.472621 0.343381 -0.811615 10.511 0.0430956
550 -47.0649 151.78 100.759 0 -0.103168 0.255772 -0.961216 10.511 0.0375954
551 57.6019 56.7328 -113.03 0 -0.154119 -0.409376 0.899255 10.511 0.0352676
552 -104.684 79.3062 -68.6804 0 0.646527 0.545094 -0.533737 10.511 0.004426
553 26.9937 90.2595 -106.917 0 -0.960056 -0.27196 0.065807 10.511 0.0454694
554 50.4934 -176.354 -29.3807 0 0.585569 -0.229111 0.777571 10.511 0.0468905
555 -89.2107 12.2286 4.05843 0 0.574452 -0.0208654 0.818272 10.511 0.0461021
556 -21.6641 77.9118 -27.807 0 0.692895 0.716937 0.0767931 10.511 0.0448258
557 -114.87 -118.884 21.7365 0 0.95026 -0.06146 0.305334 10.511 0.0353233
558 -28.5609 -43.0062 -62.5344 0 0.511898 0.400537 0.759954 10.511 0.0367548
559 75.0455 146.703 -1.53526 0 -0.24824 0.715668 -0.652837 10.511 0.0285756
560 15.9538 51.3035 86.8027 0 -0.570749 0.717091 0.400033 10.511 0.0245362
561 22.1775 27.2018 -4.30561 0 -0.250588 -0.408949 -0.877477 10.511 0.0452801
562 84.0665 164.038 46.4368 0 -0.875987 0.362076 0.318666 10.511 0.0275276
563 97.0406 -161.113 12.6727 0 -0.476849 0.698108 0.534098 10.511 0.0484767
564 -88.477 -0.728715 61.9867 0 -0.352207 -0.927923 0.1221 10.511 0.0344959
565 -143.529 -36.5936 32.6814 0 0.353255 -0.00440305 -0.935517 10.511 0.0497977
566 35.5656 -44.5825 -131.957 0 -0.989805 -0.130713 -0.056564 10.511 0.0251876
567 125.121 126.497 59.0634 0 -0.357414 -0.621508 -0.697125 10.511 0.0364682
568 94.1645 -138.089 -90.2373 0 0.067361 0.910564 -0.407843 10.511 0.0460089
569 142.347 -128.477 16.9943 0 -0.854087 0.352591 -0.382381 10.511 0.0383867
570 -114.355 122.404 -57.4144 0 0.390496 -0.281673 -0.876455 10.511 0.00160569
571 134.825 -69.7717 -34.3819 0 -0.263513 0.947948 0.178759 10.511 0.0316296
572 61.128 191.677 -131.425 0 -0.452814 0.884194 0.114721 10.511 0.0468187
573 -121.45 -119.28 -50.8119 0 0.692138 0.683812 -0.230967 10.511 0.0376075
574 -116.566 65.3845 45.0625 0 -0.664904 0.732942 -0.14387 10.511 0.0360148
575 -41.7257 14.2302 56.5077 0 -0.993598 0.109697 -0.0270107 10.511 0.0450471
576 67.1905 171.35 96.0226 0 -0.174503 0.906942 0.383411 10.511 0.0446959
577 77.8334 -60.8687 2.82743 0 0.337824 -0.0409957 -0.940316 10.511 0.0389886
578 -23.2936 -162.938 20.9259 0 0.435878 -0.820004 0.370949 10.511 0.0252464
579 -41.8806 -73.7024 -43.0263 0 0.277219 0.21632 -0.936139 10.511 0.0392977
580 -144.338 -34.8219 -14.2713 0 -0.19233 0.758695 0.622408 10.511 0.0487031
581 137.996 67.9152 -14.3507 0 -0.178788 -0.966623 -0.183508 10.511 0.045235
582 -38.453 68.2859 -131.826 0 0.877542 -0.100327 0.468887 10.511 0.0440631
583 -58.3988 -60.2879 -66.6453 0 0.526701 0.091352 0.845128 10.511 0.0471415
584 -22.3006 -23.6167 64.6672 0 -0.449609 0.682329 -0.576436 10.511 0.0485326
585 106.232 -92.5671 0.463217 0 -0.993417 0.101835 -0.0524704 10.511 0.0398599
586 -32.1148 123.154 -68.0267 0 -0.876515 -0.302859 -0.374163 10.511 0.0451609
587 -122.411 -168.093 -61.0268 0 -0.395947 0.820369 0.412578 10.511 0.0468195
588 -21.4941 0.253979 118.199 0 0.897833 0.246959 -0.364563 10.511 0.0334352
589 -78.3606 -92.4645 86.5027 0 0.857301 -0.505678 -0.0965697 10.511 0.0454333
590 -76.6971 174.093 56.6544 0 -0.882774 -0.453525 -0.122578 10.511 0.0469993
591 -6.97265 186.713 123.513 0 -0.806959 -0.565356 0.17085 10.511 0.0345538
592 -67.2866 -119.718 -95.2513 0 -0.281792 -0.871057 0.40231 10.511 0.0410692
593 49.3502 -45.8878 -24.1815 0 0.152641 0.799924 -0.580363 10.511 0.0419753
594 70.9376 126.962 -60.6836 0 -0.271932 0.672117 -0.688703 10.511 0.0371471
595 -77.1859 -37.0421 81.8203 0 0.274926 -0.743555 0.609542 10.511 0.0456714
596 -72.5601 4.58365 35.3114 0 -0.0321939 -0.998916 -0.0336235 10.511 0.0430417
597 63.0673 -173.39 12.8572 0 0.652506 -0.0232603 -0.757426 10.511 0.0509688
598 9.8333 72.5538 -145.255 0 -0.474154 -0.72464 0.500075 10.511 0.034904
599 145.758 -179.716 -11.6016 0 -0.272949 -0.393064 -0.878066 10.511 0.0284409
600 -21.1603 -62.6128 -124.891 0 -0.826919 0.51033 0.236154 10.511 0.0442643
601 62.405 173.571 45.4705 0 0.004112 0.947096 0.320924 10.511 0.0324546
602 10.3209 58.7875 -126.953 0 0.331621 0.451401 -0.828411 10.511 0.0296161
603 -58.5799 -4.18444 68.3117 0 -0.546114 0.719113 0.429694 10.511 0.0445507
604 3.33685 -60.6769 -138.477 0 0.126476 -0.0429885 0.991038 10.511 0.0154617
605 91.4238 135.47 -28.2432 0 0.176412 0.0768263 0.981314 10.511 0.0407967
606 -6.96663 -118.01 -77.0621 0 0.206422 0.97118 0.119162 10.511 0.0355964
607 55.5259 18.3757 -24.3682 0 -0.320944 0.796584 0.512297 10.511 0.0521944
608 0.363314 -123.205 7.34194 0 -0.0823121 0.322885 0.942852 10.511 0.0469403
609 29.5566 89.8635 -19.4353 0 -0.00609282 -0.936651 0.350211 10.511 0.0445297
610 113.966 -146.119 53.747 0 0.861635 0.215512 0.4595 10.511 0.038657
611 -39.5819 -82.4067 -64.7816 0 -0.625052 0.0716077 0.777292 10.511 0.0429905
612 125.354 -128.644 -54.0354 0 -0.891609 0.255719 0.373687 10.511 0.0471071
613 -8.61175 -49.9686 -14.8074 0 0.609127 -0.539764 -0.58105 10.511 0.0410055
614 -44.4553 29.0165 142.579 0 -0.639624 -0.768335 0.0232847 10.511 0.0441631
615 -53.7514 60.929 -69.0917 0 -0.358637 -0.908628 -0.213951 10.511 0.0494849
616 20.4338 -45.2447 8.3017 0 -0.760171 0.61625 -0.205853 10.511 0.0436802
617 70.8849 157.677 -78.9591 0 0.693846 0.444876 -0.566271 10.511 0.050689
618 18.9439 121.216 -81.3655 0 -0.862544 -0.461174 0.208174 10.511 0.0533115
619 81.035 2.39947 92.9762 0 0.114634 -0.0581205 0.991706 10.511 0.0380752
620 46.956 75.4909 121.513 0 -0.7937 -0.126989 -0.594907 10.511 0.0410331
621 29.254 -36.6372 -96.2547 0 -0.611168 0.206431 -0.764107 10.511 0.046279
622 111.621 84.1563 33.0357 0 -0.891064 -0.259591 -0.372313 10.511 0.0395682
623 -17.9026 -94.1833 -31.8724 0 -0.816457 0.501142 -0.2868 10.511 0.0381859
624 -6.55283 30.3831 -138.501 0 0.0404713 -0.995869 0.0812783 10.511 0.0193066
625 -20.1355 192.623 43.6537 0 0.437959 -0.402691 0.803761 10.511 0.0508485
626 -15.4684 -91.8321 -18.5846 0 0.864909 -0.0461143 0.499806 10.511 0.0507967
627 -36.207 95.5551 57.1171 0 -0.448968 -0.788608 0.420148 10.511 0.0358302
628 126.039 164.646 25.2264 0 -0.655486 -0.192047 0.730381 10.511 0.0440439
629 -115.659 -61.3497 -75.4515 0 -0.158839 0.878051 0.451438 10.511 0.0437177
630 40.7127 -156.103 76.3107 0 0.700181 0.388691 -0.598888 10.511 0.03939
631 -4.24333 -19.5055 45.4475 0 0.540397 -0.82664 -0.15696 10.511 0.0396039
632 7.7268 107.17 96.2009 0 0.211712 -0.618627 -0.756623 10.511 0.0434379
633 -87.9471 100.148 -51.0975 0 -0.795409 0.271292 -0.541964 10.511 0.100164
634 -61.6355 -176.965 -53.291 0 0.741169 -0.0725535 0.667386 10.511 0.0288179
635 16.2534 -132.33 -67.896 0 -0.00366907 0.61589 -0.787824 10.511 0.0404393
636 116.32 -127.512 82.7542 0 0.649257 0.758842 -0.0512245 10.511 0.0337424
637 -69.0618 142.786 -34.0217 0 0.674048 -0.0920496 0.73293 10.511 0.0307995
638 87.2024 -11.6837 12.3223 0 0.679319 0.729247 0.0819983 10.511 0.0376801
639 -50.9085 -141.816 122.768 0 0.221515 0.782391 0.582062 10.511 0.0463281
640 -94.2107 -136.152 49.2365 0 0.702397 -0.354148 -0.617428 10.511 0.0253362
641 -119.225 160.552 -83.965 0 0.402877 -0.171292 0.899083 10.511 0.046827
642 1.7804 -172.643 -4.85665 0 0.696231 -0.234097 0.678573 10.511 0.0453179
643 -74.2206 6.63365 43.9231 0 0.836374 -0.544737 -0.0611656 10.511 0.0332682
644 23.0025 58.4913 122.142 0 -0.96055 -0.2572 -0.105788 10.511 0.0433878
645 114.497 106.739 -15.2254 0 0.827796 0.496944 -0.260383 10.511 0.0398414
646 -91.3633 189.349 -7.24281 0 0.781181 0.449439 -0.433314 10.511 0.0259122
647 -5.33243 21.2999 17.39 0 0.834112 0.500003 0.232928 10.511 0.0211931
648 36.5488 -164.847 -95.2915 0 -0.766411 0.362219 0.530482 10.511 0.0385232
649 10.2071 -58.887 133.226 0 -0.348655 -0.104152 0.931446 10.511 0.0314178
650 -25.3342 -49.8513 125.896 0 -0.357643 -0.776835 -0.518284 10.511 0.0114756
651 89.8531 -78.5741 6.50973 0 -0.357143 -0.884791 0.299322 10.511 0.0321304
652 -90.0763 -185.313 35.4692 0 -0.850153 -0.211702 0.482101 10.511 0.0347795
653 -95.5589 170.833 -97.9365 0 -0.451697 0.308886 0.836994 10.511 0.0295024
654 -9.0112 37.0192 -66.4119 0 0.30253 0.949904 0.0784781 10.511 0.0420701
655 32.2627 179.276 -140.977 0 0.89888 0.263808 -0.349885 10.511 0.0275679
656 -30.8299 173.491 89.8859 0 0.235983 -0.102756 -0.966309 10.511 0.035283
657 -4.59461 -150.224 -51.9132 0 -0.269448 0.197317 -0.942584 10.511 0.0218611
658 -132.285 115.939 -24.6381 0 -0.409395 -0.611613 -0.676997 10.511 0.0312121
659 51.5537 64.7069 113.723 0 -0.319421 0.947592 0.00630856 10.511 0.0448908
660 83.0038 18.7453 -89.9598 0 0.427679 0.0274318 -0.903514 10.511 0.0437249
661 6.15549 150.741 93.0046 0 -0.0841074 0.806628 -0.585045 10.511 0.0466038
662 104.099 -126.923 -60.6991 0 -0.00501802 0.971848 0.235554 10.511 0.0379806
663 -6.41055 103.333 26.8825 0 -0.885842 -0.0596417 0.460138 10.511 0.0461033
664 -104.847 74.5433 64.5658 0 -0.719129 0.59232 0.363333 10.511 0.0375519
665 121.694 72.9551 78.581 0 0.962594 -0.144648 -0.229107 10.511 0.0389822
666 -108.275 -63.0006 -66.6243 0 0.496718 0.280387 -0.821374 10.511 0.0418623
667 -96.8468 -53.5163 101.09 0 -0.691871 -0.72178 -0.0186698 10.511 0.0475435
668 -70.2842 16.3867 132.271 0 0.125153 0.0113635 -0.992072 10.511 0.0453896
669 -89.5476 -77.371 -99.7175 0 -0.351754 -0.935744 0.025522 10.511 0.0386352
670 -87.4883 -140.321 -89.7542 0 -0.38213 0.64952 0.657343 10.511 0.00485172
671 46.278 119.757 -102.404 0 -0.625546 -0.240393 -0.742229 10.511 0.0422783
672 -121.564 1.99579 -14.1486 0 -0.17583 0.0883308 0.98045 10.511 0.0498452
673 85.3856 -51.7597 10.4724 0 -0.320206 -0.895419 0.309343 10.511 0.0452104
674 19.8937 -87.3742 -56.735 0 -0.228278 0.969541 0.0887636 10.511 0.0184186
675 32.8564 122.163 18.0662 0 0.937841 -0.341516 -0.0618223 10.511 0.0336089
676 44.8094 -135.407 101.727 0 0.0231915 0.53218 -0.846313 10.511 0.0223818
677 -94.6363 -150.162 55.1945 0 0.866137 -0.285567 0.410192 10.511 0.0210398
678 48.519 -53.7544 -30.7104 0 0.575067 0.372914 0.728171 10.511 0.0393283
679 -32.9008 74.4399 112.411 0 -0.261033 -0.0438814 0.964332 10.511 0.02021
680 137.145 -157.734 -56.8106 0 -0.336108 -0.264029 0.904058 10.511 0.0337615
681 -38.2326 89.953 -116.053 0 -0.966264 0.161808 0.200379 10.511 0.0315808
682 18.3812 42.9121 -28.6273 0 0.766402 -0.640574 -0.0478902 10.511 0.0377285
683 -25.212 -182.015 -84.1179 0 -0.279287 -0.612716 0.739309 10.511 0.0464643
684 -79.671 194.141 5.02987 0 -0.144189 0.214837 -0.965948 10.511 0.0388742
685 -62.9018 67.4831 66.1655 0 -0.562819 0.770952 0.298107 10.511 0.0368135
686 14.4094 23.6662 10.1378 0 -0.824156 0.0176014 -0.566089 10.511 0.0411333
687 -31.3496 108.866 21.9846 0 -0.871919 -0.227519 0.433582 10.511 0.0482445
688 -8.61415 193.922 39.546 0 -0.153368 -0.000924466 -0.988169 10.511 0.042206
689 103.87 133.868 29.3297 0 0.556048 -0.348869 -0.754388 10.511 0.0261221
690 28.636 -29.942 -96.3737 0 -0.558643 0.333582 0.759369 10.511 0.0379979
691 31.4239 59.617 76.077 0 0.36865 0.832549 0.413473 10.511 0.042492
692 15.3879 145.989 92.4223 0 0.0457576 -0.996761 -0.0661354 10.511 0.082642
693 12.1755 -60.0016 97.1273 0 0.670302 0.48609 -0.560724 10.511 0.040373
694 -66.0635 -74.449 87.06 0 0.39787 -0.860981 0.316876 10.511 0.0502484
695 -55.2442 -91.3448 100.053 0 0.904235 0.272929 0.328432 10.511 0.0534539
696 -37.7253 78.5878 -81.6341 0 -0.899024 -0.106682 -0.424705 10.511 0.0369461
697 65.7777 192.053 69.3026 0 0.475072 -0.369402 0.798654 10.511 0.0508798
698 61.2627 -136.506 110.929 0 -0.496943 -0.52981 -0.687276 10.511 0.0105358
699 49.9146 152.854 33.8228 0 -0.476235 -0.201282 0.855971 10.511 0.0347441
700 -69.2407 35.6577 108.553 0 0.977105 0.200207 -0.0719934 10.511 0.00338835
701 129.666 3.26747 20.5251 0 -0.945954 0.300312 -0.12241 10.511 0.0130732
702 103.034 -18.2578 53.1913 0 -0.917891 -0.190367 0.348189 10.511 0.0432863
703 90.3241 -85.7122 63.5159 0 -0.940027 -0.0556086 0.336536 10.511 0.042137
704 133 -0.782459 -56.1168 0 -0.528986 0.52768 0.664626 10.511 0.0390192
705 -24.1849 89.6425 18.1846 0 -0.265081 -0.933342 0.242084 10.511 0.0406501
706 37.7678 134.827 135.626 0 0.309883 0.908226 0.281243 10.511 0.0283165
707 43.3677 142.528 36.3555 0 -0.83595 0.234206 0.496322 10.511 0.0511843
708 -24.2155 139.156 51.5178 0 0.429256 -0.390643 -0.814332 10.511 0.0361775
709 98.0701 -135.382 25.5444 0 0.372762 0.925686 -0.0644472 10.511 0.0478648
710 91.9026 65.6069 -8.15463 0 0.287844 0.309013 -0.906453 10.511 0.0360529
711 64.689 119.197 104.794 0 -0.964087 -0.250189 -0.0891124 10.511 0.0423359
712 117.147 -89.4017 83.8035 0 -0.129202 0.943456 -0.305284 10.511 0.0405439
713 10.4961 170.908 -5.09852 0 0.87473 -0.199922 -0.441451 10.511 0.04805
714 -27.9021 -130.911 -55.1482 0 -0.427301 -0.0988056 -0.898694 10.511 0.0305776
715 -79.3785 102.688 -74.1201 0 -0.451531 -0.546122 0.7056 10.511 0.0444616
716 27.8583 -100.02 -41.4879 0 0.899435 -0.420781 -0.118152 10.511 0.0431836
717 88.1673 -149.508 12.7019 0 -0.611526 -0.790774 -0.0266836 10.511 0.0757112
718 -40.5682 157.894 92.2878 0 -0.854022 0.520161 0.00888336 10.511 0.0447418
719 -57.6611 11.4751 -45.2282 0 -0.498702 -0.865163 -0.0528127 10.511 0.0377481
720 13.5005 41.2834 49.0849 0 -0.740677 0.154765 -0.653792 10.511 0.0388459
721 -147.113 -150.831 20.5723 0 -0.375069 -0.85901 0.348462 10.511 0.0343143
722 -20.2211 133.928 -104.17 0 0.622549 -0.120464 0.773254 10.511 0.0490302
723 64.5558 -146.858 31.2005 0 0.653693 0.689349 0.312222 10.511 0.0436078
724 74.8686 55.0949 10.2607 0 0.496437 -0.511935 0.701051 10.511 0.0470842
725 -85.3516 185.611 -71.5061 0 0.891173 -0.0327653 0.452479 10.511 0.0469888
726 122.235 187.257 83.9642 0 0.142301 -0.983673 0.110172 10.511 0.0492757
727 -72.3662 -95.2877 -105.224 0 0.236335 -0.614192 0.752936 10.511 0.0283498
728 -94.6891 -118.583 -52.3447 0 0.866404 -0.48323 -0.125825 10.511 0.114585
729 16.8915 141.02 57.6464 0 -0.369163 0.659532 0.654779 10.511 0.0426923
730 -8.14871 -177.292 22.197 0 0.419041 0.670628 -0.612097 10.511 0.0340832
731 -53.2027 -136.402 84.4477 0 0.108171 -0.349655 0.930613 10.511 0.0486628
732 70.1865 32.9015 78.2069 0 -0.21045 0.646506 -0.733308 10.511 0.0489168
733 -72.4444 -112.57 -34.4954 0 0.404722 -0.829524 -0.384825 10.511 0.0449026
734 29.5851 -175.838 -25.9009 0 -0.261199 -0.519233 0.813739 10.511 0.0406115
735 2.63958 25.479 -94.9409 0 0.830084 -0.2605 0.493053 10.511 0.0282303
736 -14.0555 -115.504 31.7334 0 0.590423 -0.125004 0.797355 10.511 0.0467594
737 60.4216 -112.491 9.83114 0 0.648213 0.58749 -0.484432 10.511 0.045701
738 -25.0566 -180.13 12.6776 0 -0.53482 -0.417741 0.734479 10.511 0.0451697
739 -93.1399 -18.5366 14.9653 0 -0.23999 -0.970258 -0.0317017 10.511 0.0389139
740 67.8782 -146.807 -111.097 0 0.186528 0.640419 -0.74503 10.511 0.0310777
741 141.753 107.408 29.4561 0 -0.300548 0.728296 -0.615837 10.511 0.0260559
742 -78.6669 -14.4733 -59.5817 0 0.329517 -0.099196 -0.938924 10.511 0.0476603
743 -6.57789 -145.216 -122.102 0 0.100258 -0.563454 -0.820042 10.511 0.0389231
744 -125.158 171.03 -6.37675 0 -0.951865 -0.305491 0.0250821 10.511 0.0399103
745 54.8698 27.8286 -84.9017 0 0.0826184 -0.356057 -0.930805 10.511 0.0836081
746 36.5905 -93.2835 141.899 0 0.148826 0.0539761 -0.987389 10.511 0.0405496
747 51.9881 -83.3432 -53.9096 0 0.154592 -0.301665 -0.940797 10.511 0.0463203
748 -132.884 -29.8783 -21.4036 0 -0.0844947 0.93409 -0.346896 10.511 0.0384172
749 13.0752 -114.643 -100.435 0 0.938137 -0.0945278 0.333111 10.511 0.0374261
750 69.752 -182.52 121.864 0 0.899849 -0.375601 0.221802 10.511 0.0450506
751 141.993 -151.049 9.07798 0 0.414644 -0.0241655 -0.909663 10.511 0.0489546
752 131.288 -15.9982 -14.0246 0 0.477321 0.717023 -0.507979 10.511 0.0269263
753 32.0343 14.8653 -145.6 0 -0.579977 0.49025 -0.650601 10.511 0.036743
754 111.158 -70.7935 -43.7264 0 -0.704055 0.0231813 -0.709767 10.511 0.0431564
755 -117.067 163.747 -9.26824 0 -0.0694729 0.992523 -0.100359 10.511 0.0419064
756 19.2102 -101.32 -85.1042 0 0.527092 0.545073 -0.651973 10.511 0.0482418
757 58.4904 -83.409 -107.214 0 0.262384 0.964962 -0.0019238 10.511 0.039265
758 70.0125 116.334 -20.0364 0 0.243076 0.247887 -0.937799 10.511 0.0483647
759 3.249 -117.555 132.082 0 -0.774489 -0.632538 -0.00792301 10.511 0.00878316
760 -79.3589 69.7634 -97.4801 0 0.998115 -0.035108 -0.0503305 10.511 0.0375576
761 -104.549 -23.8147 42.3818 0 -0.390012 -0.674344 -0.627017 10.511 0.0394183
762 73.2756 -14.4752 92.0379 0 0.700934 0.672874 -0.236501 10.511 0.0442407
763 -133.7 -121.555 53.4531 0 0.985014 0.145081 -0.0932692 10.511 0.0385367
764 -80.2299 -75.1609 -3.04456 0 -0.963849 0.0552883 -0.260648 10.511 0.0461236
765 119.53 67.4476 82.3844 0 0.503951 0.352189 -0.788668 10.511 0.038369
766 -10.76 -45.51 123.116 0 0.0761386 0.446103 0.891737 10.511 0.039517
767 69.4105 -177.396 -29.7331 0 0.256466 0.952673 0.163213 10.511 0.0339441
768 -15.6204 8.34929 71.7858 0 0.185456 -0.980134 0.0703076 10.511 0.0374441
769 143.732 -146.327 -26.5023 0 0.838548 -0.322077 0.439435 10.511 0.04265
770 38.5416 24.3374 -17.9055 0 -0.399772 -0.641923 -0.654307 10.511 0.0400074
771 65.7975 177.597 -118.234 0 -0.550989 -0.570139 0.609386 10.511 0.0440073
772 -4.31206 -177.388 -148.955 0 -0.569074 -0.461827 0.680347 10.511 0.0383002
773 65.1949 85.7775 58.1587 0 -0.164903 0.0978672 -0.981442 10.511 0.0467717
774 -149.25 155.137 -6.80059 0 -0.591762 0.803419 -0.0658455 10.511 0.0455995
775 -36.333 -97.6002 -128.687 0 -0.781242 0.185371 -0.596069 10.511 0.0457167
776 -81.6501 7.53608 58.1518 0 -0.490795 -0.0235469 0.870957 10.511 0.0451069
777 -112.514 162.592 -5.66346 0 0.568792 0.807978 -0.153778 10.511 0.0479095
778 -52.4082 102.553 36.033 0 0.12944 -0.442124 0.887565 10.511 0.0339059
779 52.2907 -96.9694 139.562 0 -0.304491 0.925392 -0.225688 10.511 0.044944
780 73.5647 110.746 -0.0563904 0 0.577395 -0.208693 -0.789343 10.511 0.0420751
781 -99.2656 5.0021 -101.822 0 0.816191 -0.3584 0.453191 10.511 0.0284636
782 22.5995 -68.5924 -25.8109 0 0.910126 0.0854039 -0.405434 10.511 0.0530529
783 75.523 64.1317 -52.9062 0 0.767003 0.328385 -0.551244 10.511 0.0328385
784 77.9905 -133.895 -48.7432 0 -0.510645 -0.586599 -0.628604 10.511 0.0392165
785 69.1125 90.4236 83.9984 0 0.502942 0.402808 0.764719 10.511 0.0377477
786 -139.906 144.329 -9.61662 0 -0.250564 0.429423 -0.867649 10.511 0.0362039
787 57.5877 -90.2538 -55.3478 0 -0.599203 -0.71551 -0.359168 10.511 0.0363477
788 -33.7928 163.881 41.7018 0 0.966032 0.116214 -0.230816 10.511 0.0331546
789 -29.9926 -76.4785 -68.5622 0 -0.82199 0.569448 0.0078038 10.511 0.0278046
790 -27.4949 136.682 -85.3466 0 0.702802 0.26784 -0.659038 10.511 0.0303933
791 75.3655 -101.087 17.4303 0 0.262525 0.797678 -0.542946 10.511 0.0418222
792 -58.5919 86.9491 -58.3729 0 0.138406 -0.374933 0.916662 10.511 0.0450293
793 39.5717 -75.1173 13.6462 0 0.761345 0.505193 -0.406368 10.511 0.0468568
794 -49.6017 -188.055 -102.981 0 -0.790132 0.564646 -0.238466 10.511 0.0446046
795 20.3366 -138.882 -13.4613 0 -0.931403 0.329107 -0.155491 10.511 0.0415706
796 11.8711 2.59413 -145.696 0 -0.367484 0.75316 -0.545624 10.511 0.0354119
797 0.174737 -182.595 49.7731 0 -0.522677 0.774626 -0.356038 10.511 0.0300963
798 105.137 -97.5379 77.9125 0 0.101517 -0.386155 0.916831 10.511 0.036892
799 -61.6123 26.081 -59.9414 0 0.177243 -0.53484 -0.826154 10.511 0.0429957
800 12.0672 -141.699 -90.1839 0 -0.159115 0.920734 0.356274 10.511 0.05232
801 124.396 -142.281 -51.8785 0 0.785731 0.443228 0.431482 10.511 0.0378861
802 115.199 132.254 74.0594 0 0.888502 -0.0151523 -0.458622 10.511 0.0497491
803 23.3065 108.401 -48.4425 0 0.0349132 0.999297 -0.0136377 10.511 0.0410982
804 94.2209 -53.8633 -106.768 0 -0.698894 -0.38721 -0.601344 10.511 0.0297338
805 43.5592 -176.296 -137.03 0 -0.206443 0.149177 -0.96702 10.511 0.042565
806 35.556 -53.9122 36.8012 0 0.577382 -0.0449473 0.815236 10.511 0.0364151
807 5.85394 112.586 -71.9337 0 -0.831782 -0.533164 0.154513 10.511 0.0480151
808 16.9249 -48.694 133.585 0 -0.987758 -0.133129 0.0813094 10.511 0.0442343
809 16.828 -79.5729 65.5212 0 -0.171446 0.24226 -0.954943 10.511 0.0427859
810 2.72369 -2.92944 -14.9692 0 0.46095 -0.57973 -0.671892 10.511 0.0395195
811 146.9 25.2727 15.5193 0 -0.273421 0.874915 0.399705 10.511 0.0247387
812 40.4055 15.9873 57.4131 0 0.596229 -0.711133 0.372558 10.511 0.0411856
813 -26.926 -70.6254 24.9861 0 0.626511 0.513707 0.586165 10.511 0.0459433
814 -104.813 -88.4324 -20.5474 0 -0.332353 0.942373 0.038413 10.511 0.0503997
815 127.393 124.995 45.9913 0 0.890872 -0.34382 0.296876 10.511 0.0399836
816 56.5489 -184.409 -90.5707 0 -0.110212 0.68524 0.71993 10.511 0.0445031
817 89.4805 85.0925 -87.1809 0 -0.414862 -0.591777 0.691151 10.511 0.0454142
818 51.0108 -97.0758 -86.7058 0 0.349737 -0.54599 -0.7613 10.511 0.0300105
819 47.2622 -188.119 128.618 0 -0.0438701 -0.950222 0.308471 10.511 0.0413926
820 136.845 140.912 6.99268 0 0.30546 0.221196 -0.926157 10.511 0.0433698
821 -131.084 -107.979 38.7226 0 -0.93027 -0.209304 -0.301313 10.511 0.0403493
822 -134.642 181.977 24.5598 0 -0.272573 -0.19206 -0.942771 10.511 0.0384396
823 -82.0105 -90.0781 19.7551 0 -0.460351 -0.260107 -0.848776 10.511 0.0353359
824 -88.2252 -170.906 62.5392 0 0.598395 -0.767003 0.231581 10.511 0.0382558
825 53.3289 84.6718 73.6287 0 0.511736 -0.854496 -0.0892286 10.511 0.0366992
826 -49.3684 99.4438 17.957 0 -0.827169 -0.0965582 -0.553595 10.511 0.034598
827 -17.9331 -67.3663 120.855 0 0.19976 0.574784 -0.793548 10.511 0.0453192
828 -7.66972 -152.86 142.678 0 0.641341 0.565408 -0.518648 10.511 0.0452396
829 -111.007 -121.289 32.6262 0 0.0681279 0.240721 -0.9682 10.511 0.0461454
830 -14.312 130.19 -42.9931 0 -0.734932 0.523665 -0.430871 10.511 0.046178
831 -129.038 -41.3799 53.5302 0 0.649591 0.377979 0.659669 10.511 0.0360757
832 75.8175 -98.6151 -26.9735 0 0.60193 0.785893 -0.141605 10.511 0.0380598
833 -6.3458 2.20814 19.3911 0 0.518227 0.745265 -0.419549 10.511 0.0439794
834 82.7712 98.8457 -83.6664 0 0.849246 0.452081 0.272772 10.511 0.0471302
835 -109.539 -40.706 69.1544 0 -0.948748 0.286765 0.132828 10.511 0.0301775
836 -74.2266 -84.3966 104.273 0 -0.492304 -0.739334 -0.459371 10.511 0.0279803
837 134.298 147.387 3.99651 0 -0.440918 -0.896681 0.0394278 10.511 0.0273563
838 127.857 -170.784 56.7649 0 0.603637 -0.794514 0.066099 10.511 0.0412927
839 10.487 188.452 3.37037 0 -0.253004 0.497438 0.829786 10.511 0.0450997
840 -70.5067 139.957 -58.4314 0 0.0577452 -0.937842 -0.342225 10.511 0.041017
841 72.3078 25.9531 34.1701 0 -0.0358257 -0.988772 -0.145074 10.511 0.040169
842 32.9168 -103.576 20.6247 0 -0.199229 -0.155027 0.967613 10.511 0.0404842
843 -119.88 92.0265 -36.6443 0 0.789706 0.309664 -0.529597 10.511 0.0362268
844 78.7373 -13.8588 79.8096 0 0.342813 -0.181578 -0.921688 10.511 0.0445934
845 85.9677 -51.5023 10.8855 0 -0.0676376 0.141863 0.987573 10.511 0.0441776
846 32.8094 128.128 -27.9222 0 0.881757 -0.338969 -0.328032 10.511 0.0405195
847 60.8611 114.233 113.217 0 0.285854 -0.94423 0.163452 10.511 0.0377705
848 -41.5461 114.646 126.779 0 -0.766858 0.228084 0.599921 10.511 0.0471673
849 60.8788 -160.742 18.7321 0 0.743282 -0.586668 0.321486 10.511 0.0496057
850 9.30061 -63.3753 -16.3855 0 -0.472314 0.881094 -0.0243576 10.511 0.0479849
851 -0.465417 -79.7169 117.48 0 0.633194 -0.738875 -0.230496 10.511 0.0379199
852 -39.3234 55.3183 -76.6421 0 -0.901566 0.0309882 0.43153 10.511 0.0249341
853 -95.711 52.7831 73.05 0 -0.855251 -0.0289445 0.517404 10.511 0.0374198
854 52.0319 -56.0807 -17.5808 0 0.00520212 0.758829 0.651269 10.511 0.0228141
855 -38.6621 -188.168 -4.83611 0 0.331911 0.862426 -0.382175 10.511 0.037012
856 -54.3819 163.975 -6.32606 0 -0.612691 0.606325 -0.506931 10.511 0.045999
857 -65.4938 -32.0294 -42.1152 0 0.0889791 0.363108 -0.927489 10.511 0.0482993
858 -13.4676 5.27419 1.46325 0 0.455574 -0.724846 0.516769 10.511 0.036779
859 96.5626 -114.993 106.314 0 0.631911 0.767866 -0.10521 10.511 0.0354272
860 51.6272 185.305 -114.316 0 -0.356535 -0.433526 -0.82761 10.511 0.0435171
861 -101.951 -149.99 24.2281 0 0.413504 -0.404531 -0.815702 10.511 0.0426938
862 44.7226 105.204 29.7276 0 0.757527 -0.637364 -0.141138 10.511 0.0414008
863 77.4319 32.9037 -123.191 0 -0.00855782 0.203357 0.979067 10.511 0.0359326
864 108.839 76.8784 -7.06649 0 -0.526122 0.848807 0.0521745 10.511 0.0353369
865 43.6962 130.356 -94.0356 0 -0.239621 -0.942336 -0.233634 10.511 0.0421886
866 -35.4024 54.8999 -50.3584 0 -0.200851 -0.583457 0.786916 10.511 0.0382358
867 64.1705 -77.1199 82.9806 0 -0.648365 0.631781 0.424824 10.511 0.0358499
868 -91.8019 57.5224 16.3481 0 0.334989 -0.577121 -0.744791 10.511 0.0442864
869 -61.6451 -27.0098 -93.1461 0 0.344786 0.422928 0.838006 10.511 0.0870955
870 -84.2746 -172.489 82.8882 0 -0.136938 0.990573 -0.00348592 10.511 0.0347313
871 -11.3053 157.852 21.0289 0 -0.62399 0.548387 -0.556693 10.511 0.0418935
872 -28.8158 173.609 73.3202 0 -0.81078 0.466425 0.35367 10.511 0.0460734
873 -77.705 -92.999 3.60569 0 0.851114 0.246377 0.463577 10.511 0.0480381
874 -23.7734 120.166 -118.196 0 0.561423 0.705907 0.431855 10.511 0.0347011
875 -42.2643 -61.2219 92.069 0 0.229244 -0.899633 0.371628 10.511 0.0322841
876 -85.9688 -59.8481 50.6289 0 0.544941 -0.492638 0.678489 10.511 0.0316619
877 -104.879 -84.6886 -17.911 0 0.77633 -0.464134 -0.426486 10.511 0.0477095
878 6.43065 -188.321 0.598868 0 -0.200488 0.302172 -0.931932 10.511 0.0499804
879 82.5962 -3.71304 -23.7883 0 -0.585683 -0.751439 -0.303834 10.511 0.0340052
880 -50.4562 -169.889 -54.4447 0 0.30034 0.379825 0.874945 10.511 0.0446661
881 8.7261 12.4063 -138.555 0 0.497911 -0.86228 -0.0925132 10.511 0.0401594
882 100.76 185.899 55.6879 0 -0.979072 0.185061 -0.0846742 10.511 0.033257
883 -24.0052 -82.6167 -33.1748 0 0.538314 0.772333 0.337224 10.511 0.0438023
884 74.2144 -180.553 75.9852 0 -0.971073 -0.213388 0.107162 10.511 0.0398553
885 83.4151 17.1469 -6.68018 0 0.816594 -0.572445 -0.0740368 10.511 0.0430276
886 64.8623 -9.33231 14.6599 0 -0.237348 0.194699 -0.951713 10.511 0.0477154
887 -93.3835 -137.819 -84.1662 0 -0.8945 -0.389251 0.219895 10.511 0.0502112
888 58.9599 -9.66678 -14.2732 0 -0.134985 0.296078 0.945578 10.511 0.049503
889 34.5213 45.6946 23.6845 0 0.145378 0.631784 -0.76139 10.511 0.048277
890 84.0887 60.0418 102.204 0 -0.783325 0.341712 0.519264 10.511 0.0382873
891 125.222 171.355 77.2751 0 -0.860224 -0.0785374 -0.503833 10.511 0.051046
892 -53.2813 -59.0279 -4.95356 0 0.093686 0.837468 -0.538397 10.511 0.0367035
893 -77.1982 161.686 -105.922 0 -0.365441 -0.912906 0.181813 10.511 0.0441562
894 90.7712 20.8709 -19.2433 0 -0.796138 0.0891818 0.598507 10.511 0.0433361
895 -82.6989 123.664 -32.457 0 -0.651999 -0.218221 -0.726138 10.511 0.0418378
896 -66.1722 189.099 -43.3273 0 -0.355822 -0.769155 0.530841 10.511 0.0489162
897 -26.9989 159.802 3.24082 0 0.611492 0.786653 0.0851705 10.511 0.0358304
898 -82.0493 -4.5411 111.443 0 -0.47727 0.0823369 0.874891 10.511 0.0347996
899 48.3438 189.016 -18.6376 0 -0.978852 -0.0968434 -0.180197 10.511 0.0440497
900 112.213 128.293 6.35232 0 0.530003 -0.185244 0.827515 10.511 0.0447839
901 -7.69029 -152.02 -54.1327 0 0.493449 -0.0108915 -0.869707 10.511 0.0439463
902 -117.066 -2.24846 -50.2194 0 0.91673 -0.351247 0.190345 10.511 0.00467852
903 20.3302 -158.73 93.1227 0 0.60083 -0.45608 -0.656502 10.511 0.0274582
904 30.8318 -59.0557 -28.4826 0 0.264036 0.93487 0.237283 10.511 0.0429698
905 -147.847 -102.227 -15.2802 0 -0.523533 0.782555 0.336928 10.511 0.0352792
906 64.7357 -112.459 76.8257 0 -0.441633 0.489055 -0.752187 10.511 0.0385918
907 -92.9577 46.0561 108.492 0 0.398664 -0.913987 -0.0754654 10.511 0.0301428
908 -40.2235 84.4985 -137.688 0 0.541183 0.600496 0.588664 10.511 0.0495058
909 -118.559 -160.113 -68.4821 0 0.505 -0.860846 0.0626049 10.511 0.0246951
910 -67.365 -163.993 -74.4483 0 0.915343 0.193705 -0.353025 10.511 0.0353758
911 -24.1799 -116.435 90.2257 0 -0.0386664 0.994172 -0.100635 10.511 0.0389414
912 -86.9614 14.9152 64.0808 0 0.874254 -0.0511535 -0.482767 10.511 0.0667081
913 37.2363 135.907 53.3565 0 0.875298 0.288799 0.387877 10.511 0.0466724
914 38.3424 96.7773 130.203 0 0.216826 0.333921 -0.917324 10.511 0.0427882
915 66.3241 60.8824 100.118 0 0.0547652 -0.892708 0.447296 10.511 0.047488
916 -70.4317 43.4735 -12.8469 0 0.274815 0.340782 0.89908 10.511 0.0489131
917 135.478 -91.2267 -18.888 0 -0.0996276 0.143586 0.98461 10.511 0.0432083
918 -41.8387 -129.686 -92.3434 0 -0.370599 -0.463616 -0.804808 10.511 0.0459241
919 27.353 69.1193 85.8951 0 0.176951 -0.981343 0.0752006 10.511 0.0427569
920 115.585 -40.8278 59.5187 0 0.264227 0.133978 0.955109 10.511 0.0325651
921 -9.77987 161.263 -39.0765 0 -0.557945 0.512585 -0.652652 10.511 0.0407353
922 -108.79 18.6274 -22.0197 0 0.611562 -0.79106 0.0147318 10.511 0.0371595
923 49.6787 -156.983 116.528 0 -0.341448 -0.31455 0.885704 10.511 0.0178138
924 -110.98 -112.26 -84.0103 0 -0.146642 -0.950045 0.275519 10.511 0.0343356
925 42.2196 191.974 -132.718 0 0.513579 0.59407 0.619126 10.511 0.031124
926 114.874 -114.231 -96.0242 0 0.814863 0.577877 -0.0453424 10.511 0.0478375
927 -105.232 7.19753 -31.8541 0 0.859722 0.46577 -0.20961 10.511 0.134872
928 31.946 174.312 -93.4711 0 0.264079 0.927004 0.266318 10.511 0.0411531
929 -90.8256 59.8457 21.6199 0 -0.265237 0.918176 0.294282 10.511 0.0438849
930 -95.5257 101.577 96.0238 0 0.536704 0.442738 -0.718284 10.511 0.0383975
931 -73.9754 16.7173 -122.656 0 -0.320475 0.935233 0.15045 10.511 0.0333332
932 -52.3089 -177.758 119.354 0 0.570553 0.810137 0.134712 10.511 0.039757
933 -116.975 -130.27 79.854 0 0.56384 -0.0829261 -0.82171 10.511 0.0402984
934 -91.7925 -83.923 44.9527 0 0.0772877 0.431448 -0.898821 10.511 0.0444099
935 -88.5764 46.3079 -74.5675 0 -0.252717 -0.711026 0.656183 10.511 0.04156
936 -2.47582 -5.70304 141.12 0 -0.718815 0.175816 -0.672602 10.511 0.0472219
937 128.727 155.863 42.6608 0 -0.137107 -0.953639 0.267908 10.511 0.031238
938 -52.6285 109.69 -79.8823 0 -0.934548 -0.329749 -0.133741 10.511 0.0359964
939 106.427 -116.566 -101.166 0 -0.0717599 0.994251 -0.0794666 10.511 0.0415187
940 -145.81 -141.658 7.59489 0 -0.0343884 -0.491059 -0.870447 10.511 0.0419668
941 127.149 189.387 -66.9935 0 -0.929161 0.216977 -0.299301 10.511 0.0545686
942 -105.542 72.9367 -38.1935 0 -0.623775 0.755037 -0.202049 10.511 0.0305164
943 53.9496 150.64 -135.163 0 0.185489 0.982428 -0.0207319 10.511 0.0454797
944 -55.714 142.635 -63.8922 0 -0.936427 -0.278586 0.213295 10.511 0.044441
945 -87.8564 13.2079 -80.1778 0 0.698493 -0.614847 0.366156 10.511 0.0291115
946 -52.5028 176.118 111.287 0 -0.527729 0.707252 0.470421 10.511 0.0403353
947 107.86 -67.3271 14.8927 0 0.787549 -0.32985 -0.520544 10.511 0.0419596
948 107.261 107.692 30.8877 0 0.379756 0.353403 0.854922 10.511 0.0453946
949 -88.336 93.6314 -107.243 0 -0.230161 -0.629288 0.742309 10.511 0.0427809
950 106.011 -110.54 -54.4767 0 -0.220319 -0.969816 -0.104483 10.511 0.0454615
951 89.6786 75.3167 58.8547 0 -0.907424 -0.0945305 -0.409446 10.511 0.0386949
952 -52.3057 -166.325 107.296 0 -0.681116 0.314374 0.661248 10.511 0.0418489
953 -40.9106 25.9533 76.3724 0 -0.759981 0.509484 -0.403553 10.511 0.0522776
954 -112.947 -129.702 -1.27586 0 -0.246085 -0.91297 0.325466 10.511 0.0319835
955 -27.748 24.042 -93.2638 0 -0.00804098 -0.142588 0.989749 10.511 0.0452038
956 54.8297 -90.1257 -134.21 0 0.451303 -0.203682 0.868815 10.511 0.0307244
957 60.4328 -151.154 123.138 0 0.384324 -0.179569 -0.905566 10.511 0.0497108
958 -31.6963 68.5465 0.936102 0 -0.0822167 -0.994406 -0.0663128 10.511 0.0416583
959 16.2389 -64.8671 -49.9746 0 -0.622162 -0.0186697 0.782666 10.511 0.0463231
960 -99.1229 128.175 68.7742 0 -0.801437 -0.216058 0.55769 10.511 0.0395384
961 51.3054 151.263 130.853 0 -0.891133 0.396532 -0.220557 10.511 0.0428451
962 -15.3623 179.56 86.8858 0 -0.275289 -0.803537 0.527773 10.511 0.041366
963 -89.5398 185.47 -36.8008 0 -0.897424 0.0439599 0.438974 10.511 0.0485549
964 42.3102 -172.038 18.9092 0 -0.795683 -0.525317 -0.301548 10.511 0.051742
965 -38.9909 -174.99 -102.208 0 -0.12455 0.151278 -0.980613 10.511 0.0307332
966 147.568 21.5293 -26.3753 0 0.127739 0.986726 0.100269 10.511 0.0517614
967 78.0598 162.64 -37.1009 0 0.623118 0.433876 -0.65075 10.511 0.0428789
968 47.3478 -48.0195 55.0544 0 0.97179 0.161606 0.171775 10.511 0.0337636
969 85.4241 132.048 -12.7069 0 0.546445 -0.643898 -0.535531 10.511 0.0462569
970 -38.0476 -149.585 32.4891 0 0.543256 0.00132753 0.839566 10.511 0.042258
971 -18.7041 -35.2779 -113.035 0 -0.770132 0.306635 0.55935 10.511 0.0457546
972 -37.6258 -91.6176 -87.974 0 0.538972 -0.831216 0.136343 10.511 0.0372779
973 119.676 -47.1901 11.7751 0 -0.195584 -0.759043 0.620967 10.511 0.0434482
974 -57.7519 -84.2692 12.3577 0 -0.690942 0.721598 -0.0435444 10.511 0.0341209
975 112.845 26.7209 -17.6473 0 0.136656 0.223156 -0.965156 10.511 0.050219
976 59.3457 150.356 120.313 0 -0.110825 -0.155442 0.981609 10.511 0.0442431
977 -38.8363 -117.888 -69.5162 0 -0.625889 0.667027 0.404152 10.511 0.0447422
978 25.4318 -165.316 -128.031 0 0.368715 0.581115 0.725503 10.511 0.00492763
979 -26.4713 6.40863 18.0806 0 0.235828 -0.810793 0.535724 10.511 0.0423231
980 -81.1132 -194.825 -118.669 0 0.27763 -0.91581 0.290195 10.511 0.0395788
981 -119.98 -126.479 85.7507 0 0.773212 0.404749 -0.488182 10.511 0.0424025
982 -65.9742 130.403 95.6201 0 -0.260886 0.120621 -0.957804 10.511 0.038304
983 -30.7442 -194.763 18.0549 0 -0.252074 0.168222 -0.952974 10.511 0.0510235
984 56.9928 186.871 -116.735 0 0.819355 -0.566618 -0.0871847 10.511 0.0487474
985 9.91611 -153.908 149.049 0 -0.398432 0.680106 0.615392 10.511 0.0422269
986 -8.69048 -109.268 141.307 0 0.0898935 0.567949 -0.81814 10.511 0.0404764
987 83.9983 -148.487 35.9726 0 -0.968069 0.215306 -0.128396 10.511 0.0427157
988 88.3819 -74.3605 -98.8588 0 -0.365027 -0.0348895 0.930343 10.511 0.0509193
989 30.992 -143.44 126.559 0 -0.391843 -0.790405 -0.47087 10.511 0.0501986
990 82.6786 160.09 -117.559 0 0.284266 0.956669 0.0630617 10.511 0.0304841
991 -108.358 -114.308 66.868 0 0.787829 0.320243 -0.52609 10.511 0.0365469
992 24.6145 -135.651 -113.501 0 0.118057 0.231823 -0.965567 10.511 0.0454458
993 36.9793 15.9907 -96.9014 0 -0.954464 -0.298253 -0.00667775 10.511 0.238177
994 -7.13312 184.437 44.322 0 0.942127 0.0614999 0.329566 10.511 0.0271802
995 43.6226 -175.382 33.7076 0 -0.543288 0.817437 0.191404 10.511 0.0488458
996 90.7132 -178.715 23.9529 0 0.28524 -0.910773 -0.298549 10.511 0.0373387
997 50.4859 36.0731 -44.669 0 0.263422 0.461062 -0.847367 10.511 0.0341313
998 111.167 71.2522 54.8387 0 0.538554 -0.591995 0.599584 10.511 0.0324642
999 34.2376 -52.4563 -142.76 0 0.108856 0.986849 -0.119494 10.511 0.0454097
